526.975 -145.765 68.436 3.10748 0.061946 -3.13615
527.02 -145.427 68.41 3.10779 0.0619836 -3.13676
527.045 -145.209 68.3943 3.10798 0.0620095 -3.13718
527.078 -144.973 68.3795 3.10819 0.0620477 -3.13762
527.109 -144.7 68.3562 3.10845 0.0620696 -3.13812
527.125 -144.529 68.3358 3.10861 0.0620731 -3.13843
527.149 -144.351 68.317 3.10876 0.0620937 -3.13878
527.175 -144.177 68.2985 3.1089 0.0621189 -3.13912
527.207 -143.992 68.2876 3.10906 0.0621623 -3.13948
527.249 -143.768 68.2663 3.10924 0.0622127 -3.13993
527.271 -143.651 68.2511 3.10934 0.0622343 -3.14016
527.291 -143.528 68.2325 3.10945 0.0622453 -3.14039
527.31 -143.424 68.217 3.10954 0.0622582 -3.14058
527.325 -143.335 68.2003 3.10961 0.0622664 -3.14075
527.343 -143.239 68.1885 3.10969 0.0622837 -3.14094
527.36 -143.147 68.1741 3.10975 0.0622977 -3.14113
527.377 -143.061 68.162 3.10982 0.0623143 -3.14131
527.381 -143.024 68.1517 3.10984 0.0623128 -3.14139
527.397 -142.92 68.1277 3.10991 0.0623158 3.14157
527.402 -142.853 68.1047 3.10996 0.0623025 3.14143
527.408 -142.786 68.0806 3.11 0.0622902 3.14128
527.408 -142.73 68.051 3.11004 0.0622613 3.14116
527.406 -142.66 68.012 3.11009 0.0622227 3.141
527.403 -142.632 67.9917 3.11011 0.0621984 3.14094
527.396 -142.573 67.9483 3.11014 0.0621455 3.14081
527.392 -142.541 67.9232 3.11017 0.0621128 3.14074
527.385 -142.51 67.8941 3.11019 0.0620737 3.14067
527.379 -142.476 67.8652 3.11021 0.0620362 3.1406
527.373 -142.447 67.8398 3.11022 0.0620033 3.14052
527.368 -142.421 67.8154 3.11024 0.0619708 3.14046
527.36 -142.401 67.7908 3.11025 0.0619352 3.14041
527.353 -142.38 67.7655 3.11026 0.0618993 3.14036
527.345 -142.36 67.7425 3.11027 0.0618648 3.14031
527.336 -142.336 67.7125 3.11028 0.0618228 3.14025
527.328 -142.317 67.6882 3.11028 0.0617882 3.1402
527.323 -142.301 67.6717 3.11029 0.0617652 3.14016
527.319 -142.287 67.6565 3.1103 0.061744 3.14012
527.315 -142.272 67.6401 3.11031 0.061722 3.14008
527.31 -142.258 67.6252 3.11031 0.0617017 3.14004
527.307 -142.244 67.6123 3.11032 0.0616841 3.14001
527.303 -142.229 67.5967 3.11033 0.0616631 3.13997
527.298 -142.214 67.5781 3.11033 0.061637 3.13993
527.292 -142.199 67.5594 3.11034 0.0616104 3.13989
527.288 -142.187 67.5454 3.11035 0.0615902 3.13987
527.281 -142.17 67.5233 3.11036 0.0615589 3.13982
527.276 -142.157 67.5072 3.11036 0.0615356 3.13979
527.272 -142.144 67.4944 3.11037 0.0615178 3.13976
527.268 -142.133 67.4803 3.11038 0.0614976 3.13973
527.263 -142.12 67.4634 3.11038 0.0614733 3.13969
527.258 -142.108 67.4492 3.11039 0.0614529 3.13966
527.254 -142.098 67.4353 3.11039 0.0614328 3.13963
527.25 -142.089 67.4235 3.1104 0.0614161 3.13961
527.242 -142.072 67.4003 3.1104 0.0613815 3.13957
527.239 -142.062 67.3876 3.11041 0.0613636 3.13954
527.234 -142.052 67.3735 3.11041 0.061343 3.13951
527.228 -142.041 67.3567 3.11042 0.0613184 3.13948
527.224 -142.03 67.3426 3.11042 0.0612983 3.13945
527.22 -142.02 67.3297 3.11043 0.0612793 3.13942
527.213 -142.005 67.3089 3.11043 0.0612492 3.13938
527.208 -141.994 67.294 3.11044 0.0612274 3.13935
527.203 -141.982 67.2777 3.11044 0.0612036 3.13932
527.199 -141.973 67.2651 3.11045 0.0611854 3.1393
527.193 -141.964 67.2504 3.11045 0.0611629 3.13927
527.188 -141.954 67.2355 3.11045 0.0611409 3.13925
527.182 -141.94 67.2173 3.11046 0.0611138 3.13921
527.178 -141.934 67.2064 3.11046 0.0610975 3.13919
527.173 -141.924 67.1905 3.11047 0.0610736 3.13916
527.169 -141.916 67.1787 3.11047 0.0610558 3.13914
527.165 -141.908 67.1674 3.11047 0.0610386 3.13912
527.159 -141.899 67.1522 3.11048 0.0610158 3.13909
527.156 -141.892 67.1422 3.11048 0.0610002 3.13908
527.153 -141.885 67.134 3.11049 0.0609875 3.13906
527.15 -141.88 67.1265 3.11049 0.0609762 3.13905
527.147 -141.874 67.1166 3.11049 0.0609607 3.13903
527.144 -141.868 67.1088 3.11049 0.0609489 3.13902
527.142 -141.862 67.1028 3.1105 0.0609397 3.139
527.139 -141.857 67.0946 3.1105 0.060927 3.13899
527.136 -141.853 67.0868 3.1105 0.0609151 3.13898
527.133 -141.846 67.0765 3.11051 0.0608989 3.13896
527.13 -141.841 67.0694 3.11051 0.0608876 3.13895
527.127 -141.837 67.0622 3.11051 0.0608763 3.13894
527.125 -141.833 67.0552 3.11051 0.0608648 3.13893
527.122 -141.829 67.049 3.11052 0.0608548 3.13891
527.121 -141.826 67.0441 3.11052 0.0608472 3.13891
527.118 -141.823 67.0376 3.11052 0.0608367 3.1389
527.115 -141.817 67.0284 3.11052 0.0608222 3.13888
527.113 -141.813 67.0227 3.11052 0.0608131 3.13887
527.11 -141.81 67.0162 3.11053 0.0608028 3.13886
527.107 -141.806 67.0089 3.11053 0.0607913 3.13885
527.105 -141.802 67.0033 3.11053 0.0607824 3.13884
527.103 -141.798 66.9979 3.11053 0.0607741 3.13883
527.1 -141.794 66.99 3.11053 0.0607619 3.13882
527.098 -141.79 66.9833 3.11053 0.0607511 3.13881
527.094 -141.784 66.9741 3.11054 0.0607369 3.13879
527.092 -141.781 66.9683 3.11054 0.0607277 3.13878
527.09 -141.778 66.963 3.11054 0.0607194 3.13878
527.089 -141.774 66.9581 3.11054 0.0607116 3.13877
527.086 -141.771 66.953 3.11054 0.0607031 3.13876
527.085 -141.769 66.9492 3.11054 0.0606973 3.13875
527.084 -141.765 66.9448 3.11055 0.0606901 3.13875
527.083 -141.763 66.9419 3.11055 0.0606854 3.13874
527.082 -141.76 66.9396 3.11055 0.0606819 3.13873
527.081 -141.759 66.937 3.11055 0.0606778 3.13873
527.08 -141.756 66.9343 3.11056 0.0606735 3.13872
527.08 -141.753 66.9329 3.11056 0.0606714 3.13872
527.08 -141.751 66.9315 3.11056 0.0606696 3.13872
527.079 -141.75 66.9294 3.11056 0.0606661 3.13871
527.079 -141.746 66.9276 3.11057 0.0606633 3.13871
527.079 -141.743 66.9265 3.11057 0.0606616 3.1387
527.079 -141.741 66.9257 3.11057 0.0606608 3.1387
527.079 -141.739 66.9246 3.11057 0.0606593 3.13869
527.079 -141.737 66.9244 3.11058 0.0606593 3.13869
527.08 -141.734 66.9241 3.11058 0.0606594 3.13868
527.08 -141.731 66.9232 3.11058 0.0606584 3.13868
527.08 -141.73 66.9227 3.11058 0.0606579 3.13868
527.08 -141.729 66.9224 3.11058 0.0606575 3.13867
527.08 -141.725 66.9215 3.11059 0.0606565 3.13867
527.08 -141.724 66.9209 3.11059 0.0606557 3.13866
527.08 -141.723 66.9202 3.11059 0.0606548 3.13866
527.08 -141.721 66.9195 3.11059 0.0606537 3.13866
527.08 -141.72 66.9187 3.11059 0.0606524 3.13866
527.08 -141.718 66.9181 3.1106 0.0606517 3.13866
527.08 -141.716 66.9163 3.1106 0.0606484 3.13865
527.08 -141.715 66.9155 3.1106 0.0606472 3.13865
527.08 -141.713 66.9146 3.1106 0.0606458 3.13865
527.079 -141.711 66.9134 3.11061 0.060644 3.13864
527.079 -141.709 66.9122 3.11061 0.060642 3.13864
527.079 -141.707 66.9101 3.11061 0.0606388 3.13864
527.078 -141.706 66.9085 3.11061 0.0606361 3.13863
527.078 -141.704 66.9068 3.11061 0.0606333 3.13863
527.077 -141.703 66.9049 3.11061 0.0606303 3.13863
527.076 -141.701 66.9031 3.11062 0.0606272 3.13862
527.076 -141.7 66.901 3.11062 0.0606239 3.13862
527.075 -141.698 66.8991 3.11062 0.0606208 3.13862
527.074 -141.697 66.8974 3.11062 0.0606178 3.13861
527.073 -141.695 66.8949 3.11062 0.0606137 3.13861
527.073 -141.693 66.8932 3.11062 0.0606107 3.13861
527.072 -141.692 66.8916 3.11063 0.0606083 3.1386
527.072 -141.69 66.89 3.11063 0.0606056 3.1386
527.072 -141.689 66.8887 3.11063 0.0606036 3.1386
527.071 -141.688 66.8874 3.11063 0.0606014 3.13859
527.071 -141.687 66.8865 3.11063 0.0606001 3.13859
527.071 -141.685 66.8855 3.11063 0.0605984 3.13859
527.071 -141.684 66.8846 3.11064 0.060597 3.13859
527.07 -141.683 66.8839 3.11064 0.060596 3.13858
527.07 -141.682 66.8831 3.11064 0.0605947 3.13858
527.07 -141.68 66.8819 3.11064 0.060593 3.13858
527.07 -141.679 66.8811 3.11064 0.0605919 3.13858
527.07 -141.678 66.8801 3.11064 0.0605901 3.13857
527.069 -141.677 66.8793 3.11064 0.0605887 3.13857
527.069 -141.676 66.8787 3.11064 0.0605876 3.13857
527.069 -141.675 66.8784 3.11065 0.0605873 3.13857
527.069 -141.675 66.8778 3.11065 0.0605862 3.13857
527.069 -141.673 66.8769 3.11065 0.0605846 3.13857
527.069 -141.672 66.8767 3.11065 0.0605845 3.13856
527.069 -141.671 66.8766 3.11065 0.0605842 3.13856
527.069 -141.671 66.8764 3.11065 0.0605838 3.13856
527.069 -141.67 66.8763 3.11065 0.0605837 3.13856
527.07 -141.669 66.8763 3.11065 0.0605839 3.13856
527.07 -141.668 66.8758 3.11066 0.060583 3.13856
527.07 -141.667 66.8758 3.11066 0.0605832 3.13856
527.07 -141.666 66.8761 3.11066 0.0605839 3.13855
527.07 -141.665 66.8761 3.11066 0.0605843 3.13855
527.07 -141.664 66.8761 3.11066 0.0605839 3.13855
527.071 -141.664 66.8761 3.11066 0.060584 3.13855
527.071 -141.662 66.8763 3.11066 0.0605842 3.13855
527.071 -141.662 66.8765 3.11067 0.0605848 3.13855
527.072 -141.661 66.8767 3.11067 0.0605854 3.13855
527.072 -141.66 66.8768 3.11067 0.0605856 3.13855
527.072 -141.659 66.877 3.11067 0.0605857 3.13855
527.072 -141.658 66.8772 3.11067 0.060586 3.13854
527.073 -141.657 66.8773 3.11067 0.0605862 3.13854
527.073 -141.656 66.8773 3.11067 0.0605865 3.13854
527.073 -141.656 66.8775 3.11068 0.060587 3.13854
527.074 -141.655 66.8777 3.11068 0.0605875 3.13854
527.074 -141.654 66.8775 3.11068 0.0605872 3.13854
527.074 -141.653 66.8775 3.11068 0.0605872 3.13854
527.074 -141.652 66.8773 3.11068 0.0605871 3.13854
527.074 -141.651 66.8772 3.11068 0.060587 3.13853
527.074 -141.651 66.8768 3.11068 0.0605862 3.13853
527.074 -141.65 66.8767 3.11068 0.0605864 3.13853
527.074 -141.649 66.8765 3.11069 0.0605859 3.13853
527.074 -141.648 66.876 3.11069 0.060585 3.13853
527.074 -141.647 66.8759 3.11069 0.0605849 3.13853
527.074 -141.647 66.8758 3.11069 0.0605846 3.13853
527.074 -141.646 66.8754 3.11069 0.0605843 3.13853
527.074 -141.645 66.8748 3.11069 0.0605831 3.13852
527.074 -141.644 66.8746 3.11069 0.0605826 3.13852
527.074 -141.644 66.8746 3.11069 0.0605826 3.13852
527.074 -141.643 66.8741 3.11069 0.0605819 3.13852
527.074 -141.643 66.8733 3.11069 0.0605804 3.13852
527.074 -141.642 66.8735 3.11069 0.0605807 3.13852
527.074 -141.642 66.8732 3.1107 0.0605804 3.13852
527.074 -141.641 66.8725 3.1107 0.060579 3.13852
527.074 -141.64 66.872 3.1107 0.0605782 3.13852
527.074 -141.64 66.8719 3.1107 0.060578 3.13852
527.074 -141.64 66.8716 3.1107 0.0605775 3.13851
527.074 -141.639 66.8713 3.1107 0.0605772 3.13851
527.074 -141.638 66.8708 3.1107 0.0605762 3.13851
527.074 -141.638 66.8706 3.1107 0.0605758 3.13851
527.074 -141.637 66.8707 3.1107 0.060576 3.13851
527.074 -141.637 66.8706 3.1107 0.060576 3.13851
527.074 -141.636 66.8703 3.1107 0.0605755 3.13851
527.074 -141.635 66.87 3.11071 0.0605752 3.13851
527.074 -141.635 66.8701 3.11071 0.0605755 3.13851
527.074 -141.635 66.8699 3.11071 0.0605752 3.13851
527.074 -141.634 66.8697 3.11071 0.060575 3.1385
527.074 -141.633 66.8697 3.11071 0.060575 3.1385
527.075 -141.632 66.8697 3.11071 0.0605751 3.1385
527.075 -141.632 66.8696 3.11071 0.0605748 3.1385
527.075 -141.631 66.8695 3.11071 0.0605747 3.1385
527.075 -141.631 66.8696 3.11071 0.0605751 3.1385
527.075 -141.631 66.8697 3.11071 0.0605753 3.1385
527.075 -141.63 66.8695 3.11071 0.0605748 3.1385
527.075 -141.63 66.8697 3.11071 0.0605754 3.1385
527.075 -141.629 66.8698 3.11072 0.0605758 3.1385
527.076 -141.628 66.8698 3.11072 0.0605758 3.1385
527.076 -141.628 66.8699 3.11072 0.0605761 3.1385
527.076 -141.627 66.8697 3.11072 0.0605756 3.13849
527.076 -141.626 66.8696 3.11072 0.0605754 3.13849
527.076 -141.626 66.8696 3.11072 0.0605754 3.13849
527.076 -141.626 66.8696 3.11072 0.0605754 3.13849
527.076 -141.625 66.8696 3.11072 0.0605752 3.13849
527.076 -141.624 66.8694 3.11072 0.060575 3.13849
527.076 -141.623 66.8691 3.11073 0.0605745 3.13849
527.076 -141.623 66.8688 3.11073 0.0605739 3.13849
527.076 -141.622 66.8686 3.11073 0.0605734 3.13849
527.076 -141.622 66.8684 3.11073 0.0605732 3.13849
527.076 -141.621 66.8681 3.11073 0.0605725 3.13849
527.076 -141.621 66.8678 3.11073 0.0605722 3.13849
527.076 -141.62 66.8675 3.11073 0.0605715 3.13849
527.076 -141.62 66.8673 3.11073 0.060571 3.13849
527.076 -141.619 66.8671 3.11073 0.0605703 3.13848
527.076 -141.619 66.8669 3.11073 0.0605698 3.13848
527.076 -141.618 66.8667 3.11073 0.0605695 3.13848
527.076 -141.617 66.8662 3.11073 0.0605685 3.13848
527.076 -141.616 66.8656 3.11073 0.0605675 3.13848
527.076 -141.616 66.8655 3.11074 0.0605673 3.13848
527.076 -141.615 66.8654 3.11074 0.0605674 3.13848
527.076 -141.615 66.8651 3.11074 0.0605666 3.13848
527.076 -141.614 66.8644 3.11074 0.0605654 3.13848
527.076 -141.613 66.864 3.11074 0.060565 3.13848
527.076 -141.612 66.864 3.11074 0.0605649 3.13848
527.076 -141.612 66.8637 3.11074 0.0605643 3.13847
527.076 -141.612 66.8632 3.11074 0.0605634 3.13847
527.076 -141.611 66.8627 3.11074 0.0605626 3.13847
527.076 -141.61 66.8627 3.11074 0.0605626 3.13847
527.076 -141.61 66.8622 3.11074 0.0605618 3.13847
527.076 -141.609 66.8622 3.11074 0.0605617 3.13847
527.076 -141.609 66.8623 3.11074 0.060562 3.13847
527.076 -141.608 66.8621 3.11074 0.0605616 3.13847
527.076 -141.607 66.862 3.11075 0.0605614 3.13847
527.076 -141.607 66.862 3.11075 0.0605616 3.13847
527.076 -141.606 66.8619 3.11075 0.0605614 3.13847
527.077 -141.606 66.8621 3.11075 0.0605619 3.13846
527.077 -141.605 66.8621 3.11075 0.0605619 3.13846
527.077 -141.605 66.862 3.11075 0.0605617 3.13846
527.077 -141.605 66.862 3.11075 0.0605616 3.13846
527.077 -141.604 66.8622 3.11075 0.0605621 3.13846
527.077 -141.604 66.8622 3.11075 0.0605619 3.13846
527.077 -141.603 66.8622 3.11075 0.0605619 3.13846
527.077 -141.603 66.8623 3.11075 0.0605621 3.13846
527.078 -141.602 66.8624 3.11076 0.0605624 3.13846
527.078 -141.602 66.8623 3.11076 0.0605622 3.13846
527.078 -141.602 66.8623 3.11076 0.0605622 3.13846
527.078 -141.601 66.8625 3.11076 0.0605627 3.13846
527.078 -141.601 66.8623 3.11076 0.0605621 3.13846
527.078 -141.601 66.8619 3.11076 0.0605616 3.13846
527.078 -141.6 66.862 3.11076 0.0605618 3.13846
527.078 -141.599 66.8621 3.11076 0.0605618 3.13846
527.078 -141.599 66.8619 3.11076 0.0605615 3.13846
527.078 -141.599 66.8619 3.11076 0.0605613 3.13846
527.078 -141.598 66.8618 3.11076 0.0605613 3.13845
527.078 -141.598 66.8618 3.11076 0.0605611 3.13845
527.078 -141.598 66.8616 3.11076 0.0605609 3.13845
527.078 -141.597 66.8616 3.11076 0.0605609 3.13845
527.078 -141.597 66.8616 3.11076 0.0605609 3.13845
527.078 -141.596 66.8614 3.11077 0.0605606 3.13845
527.078 -141.596 66.8611 3.11077 0.0605601 3.13845
527.078 -141.596 66.861 3.11077 0.0605598 3.13845
527.078 -141.595 66.8611 3.11077 0.0605598 3.13845
527.078 -141.595 66.8607 3.11077 0.0605593 3.13845
527.078 -141.594 66.8606 3.11077 0.0605592 3.13845
527.078 -141.594 66.8605 3.11077 0.0605591 3.13845
527.078 -141.594 66.8606 3.11077 0.0605592 3.13845
527.078 -141.593 66.8603 3.11077 0.0605586 3.13845
527.078 -141.592 66.86 3.11077 0.0605582 3.13845
527.078 -141.592 66.86 3.11077 0.0605583 3.13845
527.078 -141.592 66.8599 3.11077 0.0605577 3.13844
527.078 -141.591 66.8598 3.11077 0.0605576 3.13844
527.079 -141.591 66.8598 3.11077 0.0605577 3.13844
527.079 -141.59 66.8597 3.11077 0.0605573 3.13844
527.078 -141.59 66.8593 3.11077 0.0605563 3.13844
527.078 -141.59 66.8592 3.11077 0.0605563 3.13844
527.079 -141.589 66.8592 3.11078 0.0605562 3.13844
527.079 -141.589 66.8592 3.11078 0.0605562 3.13844
527.079 -141.589 66.8591 3.11078 0.0605561 3.13844
527.079 -141.589 66.859 3.11078 0.0605559 3.13844
527.079 -141.588 66.8592 3.11078 0.0605563 3.13844
527.079 -141.588 66.8593 3.11078 0.0605565 3.13844
527.079 -141.587 66.8593 3.11078 0.0605563 3.13844
527.079 -141.587 66.8594 3.11078 0.0605566 3.13844
527.079 -141.587 66.8595 3.11078 0.0605567 3.13844
527.08 -141.586 66.8595 3.11078 0.0605569 3.13844
527.08 -141.586 66.8595 3.11078 0.0605569 3.13844
527.08 -141.586 66.8598 3.11078 0.0605573 3.13844
527.08 -141.585 66.8597 3.11078 0.060557 3.13844
527.08 -141.585 66.8594 3.11078 0.0605565 3.13844
527.08 -141.585 66.8596 3.11078 0.0605568 3.13843
527.08 -141.584 66.8597 3.11078 0.0605572 3.13843
527.08 -141.584 66.8598 3.11079 0.0605572 3.13843
527.08 -141.583 66.8598 3.11079 0.0605573 3.13843
527.08 -141.583 66.8597 3.11079 0.0605571 3.13843
527.081 -141.583 66.8599 3.11079 0.0605574 3.13843
527.081 -141.582 66.86 3.11079 0.0605575 3.13843
527.081 -141.582 66.86 3.11079 0.0605576 3.13843
527.081 -141.582 66.8602 3.11079 0.0605579 3.13843
527.081 -141.581 66.8601 3.11079 0.0605575 3.13843
527.081 -141.581 66.8601 3.11079 0.0605575 3.13843
527.081 -141.581 66.8602 3.11079 0.0605577 3.13843
527.081 -141.58 66.8601 3.11079 0.0605575 3.13843
527.081 -141.58 66.86 3.11079 0.0605572 3.13843
527.081 -141.58 66.86 3.11079 0.0605573 3.13843
527.081 -141.579 66.86 3.11079 0.0605575 3.13843
527.081 -141.579 66.86 3.11079 0.0605576 3.13843
527.082 -141.578 66.8599 3.1108 0.0605573 3.13843
527.082 -141.578 66.8598 3.1108 0.0605573 3.13843
527.082 -141.577 66.86 3.1108 0.0605578 3.13843
527.082 -141.577 66.86 3.1108 0.0605578 3.13843
527.082 -141.576 66.8598 3.1108 0.0605574 3.13843
527.082 -141.576 66.8599 3.1108 0.0605576 3.13842
527.082 -141.576 66.8599 3.1108 0.0605576 3.13842
527.082 -141.575 66.8598 3.1108 0.0605575 3.13842
527.082 -141.575 66.8598 3.1108 0.0605576 3.13842
527.082 -141.574 66.8598 3.1108 0.0605576 3.13842
527.082 -141.574 66.8598 3.1108 0.0605577 3.13842
527.083 -141.574 66.8597 3.1108 0.0605576 3.13842
527.082 -141.574 66.8597 3.1108 0.0605574 3.13842
527.083 -141.573 66.8595 3.1108 0.0605571 3.13842
527.083 -141.572 66.8594 3.1108 0.0605569 3.13842
527.083 -141.573 66.8595 3.1108 0.0605569 3.13842
527.083 -141.572 66.8594 3.1108 0.0605568 3.13842
527.083 -141.572 66.8592 3.1108 0.0605565 3.13842
527.083 -141.572 66.8592 3.11081 0.0605565 3.13842
527.083 -141.571 66.8593 3.11081 0.0605565 3.13842
527.083 -141.571 66.8592 3.11081 0.0605563 3.13842
527.083 -141.571 66.8592 3.11081 0.0605563 3.13842
527.083 -141.57 66.8592 3.11081 0.0605565 3.13842
527.083 -141.57 66.8594 3.11081 0.0605568 3.13842
527.083 -141.57 66.8592 3.11081 0.0605565 3.13842
527.083 -141.57 66.8592 3.11081 0.0605565 3.13842
527.083 -141.569 66.8593 3.11081 0.0605568 3.13842
527.083 -141.569 66.8593 3.11081 0.0605565 3.13842
527.083 -141.569 66.8593 3.11081 0.0605567 3.13842
527.083 -141.569 66.8593 3.11081 0.0605566 3.13841
527.084 -141.568 66.8593 3.11081 0.0605568 3.13841
527.084 -141.568 66.8594 3.11081 0.0605569 3.13841
527.084 -141.568 66.8595 3.11081 0.0605568 3.13841
527.084 -141.567 66.8595 3.11081 0.060557 3.13841
527.084 -141.567 66.8595 3.11081 0.0605572 3.13841
527.084 -141.567 66.8596 3.11081 0.0605574 3.13841
527.084 -141.566 66.8596 3.11082 0.0605574 3.13841
527.084 -141.566 66.8596 3.11082 0.0605572 3.13841
527.084 -141.566 66.8597 3.11082 0.0605575 3.13841
527.084 -141.565 66.8596 3.11082 0.0605575 3.13841
527.085 -141.565 66.8597 3.11082 0.0605579 3.13841
527.085 -141.564 66.8598 3.11082 0.0605578 3.13841
527.085 -141.564 66.8598 3.11082 0.0605578 3.13841
527.085 -141.564 66.8598 3.11082 0.060558 3.13841
527.085 -141.564 66.8598 3.11082 0.060558 3.13841
527.085 -141.563 66.8598 3.11082 0.0605577 3.13841
527.085 -141.563 66.8598 3.11082 0.0605579 3.13841
527.085 -141.562 66.8598 3.11082 0.0605579 3.13841
527.085 -141.562 66.8598 3.11082 0.0605578 3.13841
527.085 -141.562 66.8597 3.11082 0.0605576 3.13841
527.085 -141.561 66.8597 3.11082 0.0605574 3.13841
527.085 -141.561 66.8597 3.11082 0.0605575 3.13841
527.085 -141.561 66.8597 3.11082 0.0605576 3.13841
527.085 -141.561 66.8595 3.11083 0.0605572 3.13841
527.086 -141.56 66.8595 3.11083 0.0605575 3.13841
527.086 -141.56 66.8595 3.11083 0.0605574 3.13841
527.086 -141.56 66.8593 3.11083 0.0605572 3.13841
527.086 -141.56 66.8591 3.11083 0.0605568 3.1384
527.086 -141.56 66.8591 3.11083 0.0605567 3.1384
527.086 -141.559 66.8591 3.11083 0.0605565 3.1384
527.086 -141.559 66.8589 3.11083 0.0605562 3.1384
527.085 -141.559 66.8587 3.11083 0.0605561 3.1384
527.085 -141.559 66.8587 3.11083 0.0605558 3.1384
527.085 -141.559 66.8585 3.11083 0.0605555 3.1384
527.085 -141.558 66.8584 3.11083 0.0605555 3.1384
527.086 -141.558 66.8584 3.11083 0.0605555 3.1384
527.085 -141.558 66.8581 3.11083 0.0605551 3.1384
527.085 -141.558 66.858 3.11083 0.0605548 3.1384
527.085 -141.558 66.8579 3.11083 0.0605546 3.1384
527.085 -141.557 66.8578 3.11083 0.0605546 3.1384
527.085 -141.557 66.8578 3.11083 0.0605546 3.1384
527.086 -141.557 66.8577 3.11083 0.0605546 3.1384
527.086 -141.557 66.8577 3.11083 0.0605548 3.1384
527.086 -141.556 66.8578 3.11083 0.0605549 3.1384
527.086 -141.556 66.8579 3.11083 0.0605552 3.1384
527.086 -141.556 66.8577 3.11083 0.0605549 3.1384
527.086 -141.556 66.8578 3.11083 0.0605552 3.1384
527.086 -141.555 66.858 3.11083 0.0605556 3.1384
527.086 -141.555 66.858 3.11083 0.0605555 3.1384
527.086 -141.555 66.858 3.11083 0.0605555 3.1384
527.086 -141.554 66.8582 3.11083 0.0605559 3.1384
527.087 -141.554 66.8583 3.11083 0.060556 3.1384
527.087 -141.554 66.8583 3.11083 0.0605562 3.1384
527.087 -141.554 66.8583 3.11084 0.0605561 3.1384
527.087 -141.553 66.8583 3.11084 0.0605561 3.13839
527.087 -141.553 66.8584 3.11084 0.0605565 3.13839
527.087 -141.553 66.8584 3.11084 0.0605562 3.13839
527.087 -141.553 66.8583 3.11084 0.060556 3.13839
527.087 -141.552 66.8584 3.11084 0.0605564 3.13839
527.087 -141.552 66.8585 3.11084 0.0605566 3.13839
527.087 -141.552 66.8584 3.11084 0.0605564 3.13839
527.087 -141.551 66.8583 3.11084 0.0605562 3.13839
527.087 -141.551 66.8584 3.11084 0.0605566 3.13839
527.087 -141.551 66.8584 3.11084 0.0605565 3.13839
527.087 -141.55 66.8583 3.11084 0.0605567 3.13839
527.087 -141.55 66.8583 3.11084 0.0605564 3.13839
527.087 -141.55 66.8582 3.11084 0.0605562 3.13839
527.088 -141.55 66.8583 3.11084 0.0605564 3.13839
527.087 -141.55 66.8582 3.11084 0.0605561 3.13839
527.087 -141.549 66.8581 3.11084 0.0605561 3.13839
527.087 -141.549 66.8581 3.11084 0.0605559 3.13839
527.088 -141.549 66.8581 3.11084 0.0605559 3.13839
527.087 -141.549 66.8579 3.11084 0.0605557 3.13839
527.087 -141.549 66.8578 3.11084 0.0605554 3.13839
527.087 -141.549 66.8578 3.11084 0.0605554 3.13839
527.088 -141.548 66.8578 3.11084 0.0605554 3.13839
527.088 -141.548 66.8577 3.11084 0.0605551 3.13839
527.088 -141.548 66.8576 3.11084 0.0605551 3.13839
527.088 -141.547 66.8575 3.11084 0.0605548 3.13839
527.088 -141.547 66.8576 3.11085 0.060555 3.13839
527.088 -141.547 66.8576 3.11085 0.0605548 3.13839
527.088 -141.547 66.8574 3.11085 0.0605545 3.13839
527.088 -141.547 66.8574 3.11085 0.0605546 3.13839
527.088 -141.546 66.8575 3.11085 0.0605545 3.13839
527.088 -141.546 66.8574 3.11085 0.0605544 3.13839
527.088 -141.546 66.8572 3.11085 0.060554 3.13839
527.088 -141.546 66.8572 3.11085 0.0605541 3.13838
527.088 -141.546 66.8572 3.11085 0.0605537 3.13838
527.088 -141.546 66.8571 3.11085 0.0605535 3.13838
527.088 -141.546 66.8569 3.11085 0.0605533 3.13838
527.088 -141.545 66.8569 3.11085 0.0605532 3.13838
527.088 -141.545 66.8568 3.11085 0.0605531 3.13838
527.088 -141.545 66.8568 3.11085 0.0605529 3.13838
527.088 -141.545 66.8567 3.11085 0.0605528 3.13838
527.088 -141.545 66.8568 3.11085 0.0605528 3.13838
527.088 -141.545 66.8568 3.11085 0.0605527 3.13838
527.088 -141.545 66.8568 3.11085 0.0605527 3.13838
527.088 -141.544 66.8568 3.11085 0.0605528 3.13838
527.088 -141.544 66.8569 3.11085 0.0605529 3.13838
527.088 -141.544 66.8569 3.11085 0.0605529 3.13838
527.088 -141.544 66.8569 3.11085 0.0605529 3.13838
527.088 -141.544 66.8569 3.11085 0.0605528 3.13838
527.088 -141.544 66.857 3.11085 0.060553 3.13838
527.088 -141.543 66.8571 3.11085 0.0605531 3.13838
527.088 -141.543 66.8571 3.11085 0.0605531 3.13838
527.088 -141.543 66.8571 3.11085 0.0605534 3.13838
527.088 -141.542 66.8572 3.11085 0.0605533 3.13838
527.088 -141.542 66.8572 3.11085 0.0605532 3.13838
527.089 -141.542 66.8572 3.11085 0.0605531 3.13838
527.089 -141.542 66.8572 3.11086 0.060553 3.13838
527.089 -141.541 66.8573 3.11086 0.0605534 3.13838
527.089 -141.541 66.8573 3.11086 0.0605534 3.13838
527.089 -141.541 66.8574 3.11086 0.0605534 3.13838
527.089 -141.541 66.8575 3.11086 0.0605537 3.13838
527.089 -141.541 66.8574 3.11086 0.0605536 3.13838
527.089 -141.54 66.8574 3.11086 0.0605532 3.13838
527.089 -141.54 66.8574 3.11086 0.0605533 3.13838
527.089 -141.54 66.8574 3.11086 0.0605534 3.13838
527.089 -141.54 66.8572 3.11086 0.060553 3.13838
527.089 -141.54 66.8572 3.11086 0.060553 3.13838
527.089 -141.539 66.8571 3.11086 0.0605528 3.13838
527.089 -141.539 66.857 3.11086 0.0605526 3.13837
527.089 -141.539 66.8569 3.11086 0.0605523 3.13837
527.089 -141.539 66.8568 3.11086 0.0605523 3.13837
527.089 -141.538 66.8567 3.11086 0.0605522 3.13837
527.089 -141.538 66.8566 3.11086 0.0605518 3.13837
527.089 -141.538 66.8566 3.11086 0.0605521 3.13837
527.089 -141.538 66.8566 3.11086 0.0605521 3.13837
527.089 -141.537 66.8566 3.11086 0.060552 3.13837
527.089 -141.537 66.8566 3.11086 0.060552 3.13837
527.089 -141.537 66.8566 3.11086 0.0605522 3.13837
527.089 -141.537 66.8566 3.11086 0.0605519 3.13837
527.089 -141.537 66.8565 3.11086 0.0605518 3.13837
527.089 -141.536 66.8565 3.11086 0.0605518 3.13837
527.089 -141.536 66.8565 3.11086 0.0605518 3.13837
527.089 -141.536 66.8564 3.11086 0.0605517 3.13837
527.089 -141.536 66.8564 3.11086 0.0605517 3.13837
527.09 -141.536 66.8564 3.11086 0.0605519 3.13837
527.09 -141.536 66.8564 3.11087 0.0605517 3.13837
527.09 -141.536 66.8565 3.11087 0.0605521 3.13837
527.09 -141.536 66.8566 3.11087 0.0605521 3.13837
527.09 -141.535 66.8567 3.11087 0.0605522 3.13837
527.09 -141.535 66.8568 3.11087 0.0605524 3.13837
527.09 -141.535 66.8569 3.11087 0.0605527 3.13837
527.09 -141.535 66.857 3.11087 0.0605529 3.13837
527.09 -141.534 66.8571 3.11087 0.0605532 3.13837
527.09 -141.534 66.8571 3.11087 0.0605532 3.13837
527.091 -141.534 66.8572 3.11087 0.0605536 3.13837
527.091 -141.534 66.8573 3.11087 0.0605536 3.13837
527.091 -141.533 66.8573 3.11087 0.0605537 3.13837
527.091 -141.533 66.8574 3.11087 0.060554 3.13837
527.091 -141.533 66.8575 3.11087 0.060554 3.13837
527.091 -141.533 66.8574 3.11087 0.0605538 3.13837
527.091 -141.533 66.8575 3.11087 0.0605541 3.13837
527.091 -141.532 66.8576 3.11087 0.0605542 3.13837
527.091 -141.532 66.8575 3.11087 0.060554 3.13837
527.091 -141.532 66.8575 3.11087 0.0605541 3.13837
527.091 -141.532 66.8576 3.11087 0.0605543 3.13836
527.091 -141.531 66.8576 3.11087 0.0605544 3.13836
527.091 -141.531 66.8576 3.11087 0.0605545 3.13836
527.091 -141.531 66.8577 3.11087 0.0605544 3.13836
527.092 -141.531 66.8578 3.11088 0.0605548 3.13836
527.091 -141.531 66.8577 3.11088 0.0605547 3.13836
527.092 -141.53 66.8575 3.11088 0.0605543 3.13836
527.092 -141.53 66.8574 3.11088 0.0605541 3.13836
527.092 -141.529 66.8574 3.11088 0.060554 3.13836
527.092 -141.529 66.8574 3.11088 0.060554 3.13836
527.092 -141.529 66.8572 3.11088 0.0605535 3.13836
527.092 -141.529 66.8571 3.11088 0.0605534 3.13836
527.092 -141.529 66.8571 3.11088 0.0605533 3.13836
527.092 -141.529 66.857 3.11088 0.0605534 3.13836
527.092 -141.528 66.8567 3.11088 0.0605527 3.13836
527.092 -141.528 66.8566 3.11088 0.0605524 3.13836
527.092 -141.528 66.8566 3.11088 0.0605523 3.13836
527.092 -141.527 66.8565 3.11088 0.0605523 3.13836
527.092 -141.527 66.8563 3.11088 0.060552 3.13836
527.092 -141.526 66.8561 3.11088 0.0605516 3.13836
527.092 -141.526 66.8562 3.11088 0.0605516 3.13836
527.092 -141.526 66.8561 3.11088 0.0605516 3.13836
527.092 -141.525 66.8557 3.11089 0.0605507 3.13836
527.092 -141.525 66.8556 3.11089 0.0605506 3.13836
527.092 -141.525 66.8556 3.11089 0.0605507 3.13836
527.092 -141.524 66.8553 3.11089 0.0605499 3.13836
527.092 -141.523 66.855 3.11089 0.0605495 3.13836
527.092 -141.524 66.8549 3.11089 0.0605492 3.13836
527.092 -141.523 66.8549 3.11089 0.060549 3.13836
527.092 -141.523 66.8549 3.11089 0.0605493 3.13836
527.092 -141.522 66.8549 3.11089 0.0605492 3.13836
527.092 -141.522 66.8546 3.11089 0.0605486 3.13836
527.092 -141.522 66.8545 3.11089 0.0605485 3.13836
527.092 -141.522 66.8543 3.11089 0.060548 3.13836
527.092 -141.522 66.8543 3.11089 0.0605479 3.13836
527.092 -141.519 66.8545 3.1109 0.0605483 3.13835
527.093 -141.517 66.8542 3.1109 0.0605478 3.13835
527.093 -141.517 66.854 3.1109 0.0605476 3.13835
527.093 -141.517 66.854 3.1109 0.0605476 3.13835
527.093 -141.513 66.8538 3.11091 0.0605465 3.13835
527.095 -141.506 66.8541 3.11092 0.0605472 3.13835
527.096 -141.504 66.8544 3.11092 0.0605483 3.13835
527.095 -141.506 66.8539 3.11092 0.0605475 3.13835
527.095 -141.506 66.8539 3.11092 0.0605476 3.13835
527.096 -141.504 66.8538 3.11092 0.0605472 3.13835
527.096 -141.503 66.8537 3.11092 0.0605472 3.13835
527.095 -141.505 66.8534 3.11092 0.0605469 3.13835
527.095 -141.504 66.8533 3.11092 0.0605463 3.13835
527.097 -141.496 66.8541 3.11094 0.0605478 3.13834
527.1 -141.486 66.8549 3.11095 0.0605482 3.13834
527.085 -141.471 66.8454 3.11096 0.0605021 3.13831
527.012 -141.402 66.8179 3.11103 0.0602526 3.13824
526.937 -141.316 66.7932 3.11117 0.0599662 3.13819
526.882 -141.208 66.7551 3.11132 0.0597463 3.13809
526.875 -141.178 66.734 3.11135 0.0597161 3.13804
526.873 -141.163 66.7212 3.11137 0.0597026 3.13801
526.875 -141.149 66.7113 3.11138 0.0596946 3.13799
526.877 -141.141 66.6999 3.11139 0.0596858 3.13797
526.876 -141.143 66.6907 3.11137 0.0596774 3.13796
526.879 -141.145 66.6902 3.11137 0.0596817 3.13796
526.885 -141.148 66.6907 3.11136 0.0596911 3.13797
526.886 -141.149 66.688 3.11136 0.0596893 3.13797
526.885 -141.15 66.6882 3.11136 0.0596898 3.13797
526.886 -141.15 66.6886 3.11136 0.0596907 3.13797
526.886 -141.15 66.6883 3.11136 0.0596903 3.13797
526.886 -141.149 66.688 3.11136 0.0596899 3.13797
526.887 -141.148 66.6885 3.11136 0.0596915 3.13797
526.89 -141.152 66.6899 3.11135 0.0596986 3.13797
526.894 -141.156 66.6911 3.11135 0.0597061 3.13797
526.898 -141.159 66.6925 3.11134 0.0597134 3.13798
526.901 -141.16 66.6939 3.11134 0.05972 3.13798
526.904 -141.162 66.695 3.11133 0.0597252 3.13798
526.908 -141.166 66.6963 3.11133 0.0597328 3.13799
526.91 -141.167 66.6972 3.11133 0.0597372 3.13799
526.911 -141.168 66.6977 3.11132 0.0597392 3.13799
526.912 -141.17 66.6983 3.11132 0.0597426 3.13799
526.914 -141.172 66.6988 3.11132 0.0597461 3.13799
526.915 -141.172 66.6992 3.11132 0.0597479 3.13799
526.916 -141.172 66.6997 3.11132 0.0597495 3.13799
526.916 -141.173 66.6997 3.11132 0.0597501 3.13799
526.917 -141.174 66.7 3.11131 0.0597516 3.13799
526.918 -141.174 66.7003 3.11131 0.0597528 3.138
526.918 -141.174 66.7005 3.11131 0.0597538 3.138
526.918 -141.174 66.7005 3.11131 0.0597539 3.138
526.918 -141.173 66.7005 3.11132 0.0597539 3.138
526.918 -141.174 66.7007 3.11131 0.0597542 3.138
526.918 -141.176 66.7008 3.11131 0.0597543 3.138
526.918 -141.177 66.7008 3.11131 0.059755 3.138
526.92 -141.177 66.7012 3.11131 0.0597573 3.138
526.921 -141.173 66.7014 3.11132 0.0597582 3.138
526.921 -141.174 66.7014 3.11131 0.0597581 3.138
526.921 -141.175 66.7014 3.11131 0.0597586 3.138
526.922 -141.176 66.7019 3.11131 0.0597605 3.138
526.922 -141.176 66.7017 3.11131 0.0597604 3.138
526.922 -141.179 66.702 3.11131 0.0597617 3.138
526.922 -141.178 66.7023 3.11131 0.0597626 3.138
526.924 -141.173 66.7023 3.11132 0.0597624 3.138
526.925 -141.169 66.7021 3.11132 0.0597621 3.138
526.924 -141.17 66.7022 3.11132 0.0597624 3.138
526.924 -141.171 66.7023 3.11132 0.0597626 3.138
526.924 -141.171 66.7023 3.11132 0.0597629 3.138
526.925 -141.169 66.7021 3.11133 0.0597622 3.138
526.925 -141.169 66.7022 3.11133 0.0597627 3.138
526.925 -141.169 66.7024 3.11133 0.0597629 3.138
526.925 -141.17 66.7022 3.11132 0.0597625 3.138
526.924 -141.172 66.702 3.11132 0.0597623 3.138
526.925 -141.171 66.7022 3.11132 0.0597639 3.138
526.925 -141.169 66.7021 3.11132 0.0597635 3.138
526.925 -141.17 66.7021 3.11132 0.0597634 3.138
526.925 -141.17 66.7018 3.11132 0.0597632 3.138
526.925 -141.17 66.7014 3.11132 0.0597624 3.138
526.925 -141.171 66.7017 3.11132 0.0597631 3.138
526.926 -141.167 66.7016 3.11133 0.0597629 3.138
526.926 -141.166 66.7012 3.11133 0.0597619 3.138
526.926 -141.167 66.7011 3.11133 0.0597624 3.138
526.925 -141.17 66.7013 3.11132 0.0597623 3.138
526.925 -141.169 66.7013 3.11132 0.0597624 3.138
526.925 -141.168 66.7009 3.11133 0.0597619 3.138
526.925 -141.167 66.7005 3.11133 0.0597608 3.138
526.925 -141.167 66.7006 3.11133 0.0597611 3.138
526.925 -141.166 66.7006 3.11133 0.0597613 3.138
526.925 -141.166 66.7002 3.11133 0.0597603 3.138
526.925 -141.166 66.6999 3.11133 0.0597597 3.138
526.923 -141.172 66.7001 3.11132 0.0597605 3.138
526.924 -141.173 66.7003 3.11132 0.0597609 3.138
526.924 -141.172 66.6998 3.11132 0.0597604 3.138
526.924 -141.169 66.6989 3.11132 0.0597589 3.13799
526.924 -141.17 66.6993 3.11132 0.0597598 3.13799
526.924 -141.179 66.6994 3.11131 0.0597627 3.138
526.924 -141.176 66.6979 3.11131 0.0597595 3.13799
526.925 -141.173 66.6984 3.11132 0.0597608 3.13799
526.926 -141.161 66.6988 3.11133 0.0597583 3.13799
526.921 -141.068 66.7026 3.11137 0.0597312 3.1378
526.834 -140.762 66.664 3.11144 0.0594544 3.13715
526.626 -140.406 66.5822 3.11163 0.0587666 3.13656
526.296 -140.017 66.4141 3.112 0.0576251 3.1361
526.089 -139.713 66.2407 3.11241 0.0570189 3.13573
525.951 -139.512 66.0929 3.1127 0.05664 3.13547
525.887 -139.393 65.9963 3.11287 0.056433 3.13533
525.867 -139.312 65.8998 3.11295 0.0562994 3.1352
525.845 -139.279 65.8276 3.11295 0.0562018 3.1351
525.832 -139.26 65.7877 3.11296 0.0561484 3.13505
525.837 -139.248 65.747 3.11295 0.0561231 3.135
525.857 -139.276 65.7062 3.11285 0.0561248 3.13497
525.885 -139.293 65.7018 3.1128 0.0561659 3.13498
525.92 -139.311 65.7054 3.11276 0.0562242 3.13499
525.938 -139.341 65.6827 3.11267 0.0562349 3.13497
525.922 -139.328 65.6691 3.11268 0.0561939 3.13495
525.898 -139.297 65.6413 3.11272 0.0561297 3.1349
525.899 -139.298 65.6288 3.11271 0.0561211 3.13489
525.898 -139.309 65.6074 3.11267 0.0561056 3.13488
525.896 -139.314 65.6047 3.11267 0.0561011 3.13488
525.9 -139.343 65.608 3.11262 0.0561204 3.13489
525.893 -139.371 65.605 3.11257 0.0561166 3.1349
525.907 -139.367 65.6091 3.11258 0.0561379 3.13491
525.913 -139.378 65.6116 3.11256 0.0561513 3.13492
525.92 -139.415 65.6175 3.11249 0.0561795 3.13494
525.94 -139.412 65.624 3.1125 0.0562119 3.13495
525.931 -139.377 65.6233 3.11251 0.0561869 3.13488
525.825 -139.239 65.5705 3.11262 0.0559225 3.13464
525.643 -139.07 65.4746 3.11285 0.0555127 3.1344
525.565 -138.993 65.4234 3.11297 0.0553388 3.1343
525.453 -138.873 65.3158 3.11315 0.0550567 3.13413
525.43 -138.855 65.2796 3.11317 0.0549898 3.13408
525.433 -138.865 65.2626 3.11314 0.0549846 3.13407
525.427 -138.887 65.2298 3.11308 0.0549529 3.13406
525.44 -138.907 65.22 3.11304 0.0549677 3.13406
525.458 -138.909 65.2247 3.11303 0.0549971 3.13408
525.493 -138.94 65.2363 3.11297 0.0550657 3.13411
525.529 -138.968 65.2451 3.11292 0.0551339 3.13414
525.567 -138.994 65.2597 3.11286 0.0552217 3.13415
525.594 -138.827 65.274 3.11295 0.0553716 3.13377
525.613 -138.598 65.2667 3.11317 0.0554055 3.1334
525.637 -138.453 65.2604 3.11335 0.0554238 3.13321
525.665 -138.367 65.2582 3.11345 0.0554619 3.13309
525.675 -138.336 65.2589 3.11348 0.055482 3.13304
525.685 -138.332 65.2621 3.11349 0.0555016 3.13304
525.693 -138.372 65.2599 3.11342 0.0555231 3.13306
525.712 -138.402 65.2682 3.11337 0.0555665 3.13308
525.74 -138.406 65.2792 3.11336 0.0556184 3.13311
525.768 -138.442 65.2885 3.1133 0.0556766 3.13314
525.793 -138.487 65.297 3.11322 0.0557315 3.13318
525.829 -138.512 65.3134 3.11317 0.055804 3.13321
525.866 -138.542 65.3303 3.11312 0.055881 3.13325
525.872 -138.554 65.3313 3.1131 0.0558934 3.13325
525.877 -138.553 65.3344 3.1131 0.0559032 3.13326
525.881 -138.557 65.3375 3.11309 0.0559146 3.13326
525.877 -138.58 65.336 3.11305 0.0559143 3.13327
525.868 -138.621 65.333 3.11298 0.05591 3.13329
525.867 -138.668 65.3331 3.11291 0.0559209 3.13332
525.865 -138.692 65.3323 3.11287 0.0559208 3.13334
525.871 -138.711 65.3336 3.11285 0.0559326 3.13337
525.874 -138.727 65.3306 3.11283 0.0559333 3.1334
525.875 -138.74 65.3335 3.11282 0.0559382 3.13342
525.876 -138.761 65.3336 3.11279 0.0559395 3.13346
525.873 -138.772 65.3332 3.11279 0.0559335 3.13349
525.876 -138.775 65.34 3.1128 0.0559418 3.13351
525.874 -138.751 65.3445 3.11281 0.0559393 3.13347
525.771 -138.671 65.306 3.11296 0.0556229 3.13345
525.667 -138.613 65.261 3.11308 0.0554071 3.13338
525.486 -138.475 65.184 3.11335 0.0550564 3.13323
525.425 -138.461 65.1545 3.11339 0.0549367 3.13321
525.406 -138.496 65.1358 3.11337 0.0548897 3.13327
525.417 -138.484 65.1375 3.1134 0.0549015 3.13329
525.429 -138.493 65.141 3.11339 0.0549255 3.1333
525.436 -138.529 65.1366 3.11333 0.0549365 3.13334
525.455 -138.574 65.1396 3.11327 0.0549712 3.1334
525.505 -138.602 65.1598 3.11322 0.0550666 3.13344
525.543 -138.629 65.1725 3.11317 0.0551392 3.13348
525.599 -138.679 65.194 3.11307 0.055252 3.13353
525.637 -138.701 65.2116 3.11302 0.0553374 3.13355
525.639 -138.643 65.2194 3.11308 0.0553696 3.13344
525.638 -138.577 65.2096 3.11319 0.0553533 3.13339
525.655 -138.547 65.2146 3.11324 0.0553798 3.13339
525.66 -138.538 65.2196 3.11326 0.0554005 3.13337
525.658 -138.567 65.2212 3.11321 0.0554137 3.13338
525.669 -138.569 65.2266 3.11321 0.0554374 3.13339
525.686 -138.586 65.2322 3.11318 0.0554731 3.13341
525.694 -138.615 65.2351 3.11313 0.0554941 3.13343
525.712 -138.633 65.2454 3.11309 0.055536 3.13344
525.729 -138.636 65.2519 3.11309 0.0555677 3.13345
525.749 -138.664 65.2596 3.11303 0.0556121 3.13348
525.758 -138.677 65.2641 3.11301 0.055634 3.13348
525.742 -138.611 65.2692 3.11307 0.0556091 3.13337
525.682 -138.468 65.2467 3.11328 0.0554802 3.13319
525.66 -138.389 65.2485 3.1134 0.0554452 3.13309
525.671 -138.349 65.2626 3.11346 0.0554785 3.13304
525.676 -138.357 65.2676 3.11344 0.0554979 3.13304
525.684 -138.369 65.2727 3.11343 0.0555194 3.13305
525.692 -138.377 65.2759 3.11342 0.0555375 3.13306
525.704 -138.405 65.2787 3.11337 0.0555642 3.13309
525.724 -138.438 65.2889 3.11331 0.0556125 3.13311
525.75 -138.451 65.3003 3.11328 0.0556638 3.13313
525.778 -138.472 65.3103 3.11325 0.0557172 3.13316
525.804 -138.506 65.3184 3.11319 0.05577 3.13319
525.829 -138.541 65.3272 3.11313 0.0558207 3.13323
525.857 -138.567 65.3396 3.11308 0.0558786 3.13326
525.89 -138.601 65.3507 3.11302 0.0559435 3.1333
525.881 -138.594 65.347 3.11303 0.0559251 3.13329
525.866 -138.571 65.3398 3.11308 0.0558897 3.13328
525.866 -138.568 65.3412 3.11308 0.0558911 3.13328
525.873 -138.574 65.3439 3.11307 0.0559055 3.13328
525.865 -138.591 65.3388 3.11305 0.0558926 3.1333
525.857 -138.62 65.3334 3.11301 0.05588 3.13332
525.86 -138.622 65.3392 3.11301 0.0558899 3.13333
525.859 -138.635 65.3365 3.11299 0.0558876 3.13335
525.856 -138.648 65.3346 3.11297 0.0558845 3.13336
525.847 -138.682 65.3331 3.11292 0.0558757 3.13339
525.85 -138.677 65.3357 3.11294 0.0558797 3.1334
525.848 -138.676 65.335 3.11294 0.0558807 3.13339
525.805 -138.605 65.325 3.11301 0.0557997 3.13327
525.537 -138.233 65.2331 3.11347 0.0551944 3.13276
525.34 -137.915 65.1562 3.11391 0.0547348 3.13239
525.197 -137.69 65.0755 3.11428 0.0544035 3.13216
525.107 -137.601 65.0263 3.11444 0.0542121 3.13205
525.068 -137.569 64.9987 3.1145 0.0541245 3.13201
525.067 -137.518 64.9756 3.11459 0.0540883 3.13198
525.087 -137.51 64.9718 3.11461 0.0541115 3.13199
525.098 -137.568 64.9771 3.1145 0.054149 3.13203
525.129 -137.627 64.9894 3.1144 0.0542223 3.13206
525.183 -137.645 65.0094 3.11436 0.0543212 3.1321
525.243 -137.678 65.0318 3.1143 0.0544363 3.13216
525.309 -137.774 65.0574 3.11412 0.0545775 3.13223
525.296 -137.753 65.0548 3.11411 0.0545457 3.13218
525.239 -137.646 65.0077 3.11424 0.0543838 3.13204
525.194 -137.528 64.9814 3.11443 0.0542719 3.13193
525.175 -137.494 64.961 3.11449 0.0542207 3.13189
525.176 -137.505 64.9479 3.11447 0.0542167 3.13189
525.187 -137.538 64.9487 3.11442 0.054245 3.13191
525.211 -137.555 64.9595 3.1144 0.0542972 3.13194
525.237 -137.596 64.9702 3.11432 0.0543567 3.13197
525.255 -137.633 64.9751 3.11426 0.0543959 3.132
525.285 -137.669 64.9861 3.1142 0.0544551 3.13205
525.345 -137.717 65.0104 3.11411 0.0545759 3.13211
525.367 -137.766 65.0159 3.11403 0.054622 3.13216
525.396 -137.811 65.0274 3.11396 0.0546839 3.1322
525.415 -137.838 65.0339 3.11391 0.0547215 3.13223
525.437 -137.887 65.0413 3.11383 0.0547711 3.13227
525.445 -137.927 65.0423 3.11376 0.0547909 3.13231
525.45 -137.951 65.0428 3.11373 0.0548022 3.13234
525.454 -137.974 65.0448 3.1137 0.0548118 3.13237
525.456 -138.003 65.0455 3.11366 0.054819 3.13241
525.454 -138.029 65.0427 3.11363 0.0548148 3.13245
525.454 -138.063 65.0412 3.11359 0.0548138 3.1325
525.453 -138.083 65.0415 3.11357 0.0548123 3.13254
525.452 -138.106 65.0429 3.11354 0.0548134 3.13257
525.451 -138.123 65.0442 3.11353 0.0548119 3.1326
525.452 -138.14 65.0485 3.11352 0.0548166 3.13264
525.451 -138.152 65.0513 3.11351 0.0548176 3.13266
525.451 -138.171 65.0562 3.11349 0.0548229 3.1327
525.451 -138.185 65.0605 3.11348 0.0548266 3.13273
525.453 -138.194 65.0651 3.11347 0.0548332 3.13275
525.454 -138.201 65.0695 3.11347 0.0548401 3.13276
525.457 -138.212 65.0769 3.11346 0.0548519 3.13278
525.46 -138.217 65.0834 3.11346 0.0548623 3.1328
525.463 -138.222 65.0901 3.11345 0.0548737 3.13281
525.467 -138.226 65.0973 3.11345 0.0548865 3.13282
525.47 -138.232 65.1061 3.11345 0.0549006 3.13283
525.474 -138.235 65.1138 3.11345 0.0549136 3.13284
525.477 -138.238 65.1211 3.11345 0.054926 3.13285
525.481 -138.242 65.1292 3.11345 0.0549393 3.13286
525.484 -138.246 65.1373 3.11345 0.0549528 3.13288
525.487 -138.248 65.1429 3.11345 0.0549625 3.13288
525.49 -138.251 65.1485 3.11345 0.0549725 3.13289
525.493 -138.254 65.1537 3.11345 0.0549817 3.1329
525.496 -138.257 65.1603 3.11344 0.054994 3.13291
525.498 -138.259 65.163 3.11344 0.055 3.13291
525.5 -138.261 65.166 3.11344 0.0550063 3.13292
525.501 -138.262 65.168 3.11344 0.0550097 3.13292
525.502 -138.262 65.1689 3.11344 0.0550117 3.13292
525.503 -138.264 65.1703 3.11344 0.0550154 3.13292
525.504 -138.264 65.1715 3.11344 0.0550183 3.13292
525.504 -138.265 65.1726 3.11344 0.0550208 3.13292
525.505 -138.265 65.1729 3.11344 0.0550217 3.13293
525.505 -138.266 65.1733 3.11344 0.0550231 3.13293
525.506 -138.266 65.1736 3.11344 0.0550239 3.13293
525.506 -138.267 65.1744 3.11344 0.0550262 3.13293
525.507 -138.267 65.1746 3.11344 0.055027 3.13293
525.507 -138.268 65.1749 3.11343 0.055028 3.13293
525.507 -138.268 65.1749 3.11343 0.0550285 3.13293
525.508 -138.268 65.1755 3.11343 0.05503 3.13293
525.508 -138.269 65.1756 3.11343 0.0550307 3.13293
525.508 -138.269 65.1758 3.11343 0.0550314 3.13293
525.508 -138.269 65.1759 3.11343 0.0550319 3.13293
525.509 -138.27 65.1764 3.11343 0.0550335 3.13293
525.509 -138.27 65.1766 3.11343 0.0550342 3.13293
525.509 -138.27 65.1766 3.11343 0.0550349 3.13293
525.509 -138.27 65.1771 3.11343 0.055036 3.13293
525.51 -138.271 65.1778 3.11343 0.0550374 3.13293
525.51 -138.271 65.1779 3.11343 0.0550384 3.13293
525.51 -138.271 65.178 3.11343 0.0550387 3.13293
525.51 -138.271 65.1786 3.11343 0.0550398 3.13293
525.511 -138.272 65.1791 3.11343 0.0550412 3.13293
525.511 -138.272 65.1794 3.11343 0.0550421 3.13293
525.511 -138.272 65.1795 3.11343 0.0550426 3.13293
525.511 -138.272 65.1799 3.11343 0.0550436 3.13293
525.512 -138.272 65.1803 3.11343 0.0550445 3.13293
525.512 -138.273 65.1806 3.11343 0.0550453 3.13294
525.512 -138.273 65.1806 3.11343 0.0550458 3.13294
525.513 -138.273 65.1814 3.11343 0.0550476 3.13294
525.513 -138.273 65.1819 3.11343 0.0550487 3.13294
525.513 -138.274 65.1821 3.11343 0.0550494 3.13294
525.513 -138.274 65.1822 3.11343 0.0550497 3.13294
525.514 -138.274 65.183 3.11343 0.0550513 3.13294
525.514 -138.274 65.1833 3.11343 0.055052 3.13294
525.514 -138.274 65.1834 3.11343 0.0550527 3.13294
525.514 -138.275 65.1837 3.11343 0.0550535 3.13294
525.515 -138.275 65.1841 3.11343 0.0550542 3.13294
525.515 -138.275 65.1843 3.11343 0.0550548 3.13294
525.515 -138.275 65.1843 3.11343 0.0550552 3.13294
525.515 -138.275 65.1845 3.11343 0.0550557 3.13294
525.515 -138.275 65.1848 3.11343 0.0550563 3.13294
525.515 -138.275 65.1849 3.11343 0.0550567 3.13294
525.515 -138.275 65.185 3.11343 0.0550574 3.13294
525.515 -138.276 65.1853 3.11343 0.0550577 3.13294
525.516 -138.28 65.186 3.11342 0.05506 3.13294
525.515 -138.288 65.1858 3.11341 0.0550606 3.13295
525.511 -138.301 65.1835 3.11339 0.0550535 3.13296
525.501 -138.32 65.1769 3.11337 0.055035 3.13298
525.489 -138.347 65.1671 3.11334 0.0550087 3.13302
525.479 -138.373 65.1603 3.11331 0.0549892 3.13305
525.47 -138.396 65.1527 3.11328 0.0549693 3.13308
525.465 -138.417 65.1481 3.11326 0.0549583 3.13311
525.464 -138.432 65.1466 3.11324 0.0549552 3.13313
525.462 -138.441 65.1449 3.11323 0.0549521 3.13314
525.462 -138.446 65.1439 3.11323 0.0549504 3.13315
525.461 -138.442 65.1434 3.11323 0.0549477 3.13315
525.459 -138.43 65.1423 3.11325 0.0549405 3.13314
525.455 -138.396 65.1412 3.11331 0.054926 3.13312
525.449 -138.355 65.1386 3.11338 0.0549054 3.13309
525.455 -138.295 65.1369 3.11349 0.0548928 3.13308
525.463 -138.205 65.1402 3.11365 0.0548862 3.13303
525.47 -138.092 65.1512 3.11382 0.0548873 3.13294
525.475 -137.943 65.164 3.11405 0.0548835 3.1328
525.486 -137.775 65.185 3.1143 0.0548977 3.13264
525.506 -137.52 65.218 3.11466 0.0549277 3.13237
525.52 -137.332 65.2361 3.11494 0.0549421 3.13218
525.538 -137.132 65.2542 3.11523 0.0549567 3.13199
525.573 -136.926 65.2793 3.11555 0.0549993 3.13182
525.618 -136.785 65.3074 3.11576 0.0550675 3.13172
525.659 -136.69 65.3322 3.1159 0.055134 3.13165
525.768 -136.505 65.4049 3.11616 0.0553418 3.1315
525.86 -136.4 65.4623 3.11629 0.0555225 3.1314
525.951 -136.308 65.5221 3.11639 0.0557114 3.13131
526.037 -136.242 65.5777 3.11646 0.055894 3.13123
526.125 -136.176 65.6383 3.11652 0.0560848 3.13114
526.217 -136.091 65.7136 3.1166 0.0562975 3.13104
526.306 -136.005 65.7942 3.11672 0.0565111 3.13094
526.402 -135.929 65.8963 3.11686 0.056757 3.13091
526.503 -135.888 66.0197 3.11696 0.057026 3.13094
526.614 -135.898 66.167 3.11701 0.0573316 3.13105
526.705 -135.946 66.2966 3.117 0.0575928 3.13119
526.829 -136.034 66.4747 3.11694 0.0579525 3.13143
527.01 -136.172 66.7227 3.11683 0.0584706 3.13177
527.154 -136.281 66.8971 3.11673 0.0588609 3.13201
527.259 -136.358 67.0184 3.11665 0.0591414 3.13218
527.462 -136.495 67.244 3.1165 0.0596751 3.13248
527.722 -136.672 67.5783 3.11635 0.0603971 3.1329
527.85 -136.79 67.7807 3.11628 0.0607785 3.1332
527.968 -136.913 67.987 3.11623 0.061163 3.13353
528.087 -137.055 68.2162 3.11618 0.0615754 3.1339
528.195 -137.22 68.4484 3.11612 0.061975 3.13432
528.273 -137.412 68.6749 3.11604 0.0623136 3.13478
528.293 -137.538 68.7966 3.116 0.0623949 3.13511
528.258 -137.938 69.0541 3.11584 0.0622112 3.13618
528.168 -138.293 69.1885 3.11565 0.0617391 3.13713
528.038 -138.715 69.3104 3.11541 0.0610426 3.13826
527.916 -139.221 69.4313 3.11505 0.0605993 3.13939
527.785 -139.755 69.5631 3.1146 0.0601299 3.14052
527.655 -140.254 69.6867 3.11415 0.0596331 3.14155
527.533 -140.823 69.8116 3.11361 0.0593644 -3.14061
527.411 -141.373 69.9176 3.11307 0.0591279 -3.13964
527.285 -141.887 70.0172 3.11255 0.0588394 -3.13874
527.11 -142.479 70.1187 3.11197 0.0583474 -3.13765
526.963 -142.994 70.2153 3.11147 0.0579511 -3.1367
526.829 -143.543 70.3319 3.11094 0.0577225 -3.13576
526.696 -144.115 70.4713 3.11037 0.0575581 -3.13481
526.554 -144.609 70.5939 3.1099 0.057354 -3.13398
526.303 -145.294 70.762 3.10925 0.0569197 -3.1328
526.104 -145.757 70.8568 3.10883 0.0565 -3.13197
521.841 -150.507 69.35 3.10397 0.0471002 -3.12509
521.352 -150.949 69.0155 3.10343 0.0460521 -3.12465
520.873 -151.415 68.6677 3.10284 0.0450125 -3.12421
520.489 -151.822 68.3738 3.10228 0.0441939 -3.12386
520.076 -152.267 68.0483 3.10164 0.0433309 -3.12354
519.54 -152.875 67.6229 3.10074 0.0422212 -3.12313
519.227 -153.277 67.3752 3.10011 0.0415936 -3.12289
518.926 -153.679 67.1302 3.09949 0.0409839 -3.12263
518.613 -154.096 66.8742 3.09884 0.0403528 -3.12238
518.283 -154.503 66.6028 3.09818 0.0396856 -3.12217
518.122 -154.704 66.4675 3.09786 0.0393601 -3.12207
517.763 -155.125 66.1617 3.09717 0.0386211 -3.12187
517.528 -155.38 65.9666 3.09674 0.0381485 -3.12178
517.326 -155.59 65.8057 3.09636 0.0377574 -3.12175
517.104 -155.808 65.624 3.09596 0.0373213 -3.12174
516.877 -156.025 65.4356 3.09557 0.0368717 -3.12171
516.677 -156.193 65.2755 3.09527 0.036467 -3.12168
516.477 -156.365 65.1176 3.09499 0.0360596 -3.12163
516.208 -156.589 64.9004 3.09462 0.0355008 -3.12156
516.059 -156.722 64.7783 3.09439 0.035196 -3.12152
515.892 -156.883 64.6318 3.09411 0.0348483 -3.12149
515.764 -157.011 64.5094 3.09388 0.0346033 -3.12147
515.621 -157.149 64.3587 3.09363 0.0343511 -3.12149
515.47 -157.29 64.1757 3.09337 0.0341483 -3.12155
515.302 -157.407 63.9626 3.09315 0.0339032 -3.12164
515.042 -157.527 63.6253 3.0929 0.033463 -3.1218
514.848 -157.575 63.3605 3.09276 0.033148 -3.12202
514.681 -157.598 63.1143 3.09265 0.0329226 -3.12227
514.503 -157.627 62.8581 3.09254 0.0326329 -3.12248
514.271 -157.672 62.5466 3.09241 0.0320947 -3.12262
514.054 -157.714 62.2461 3.09228 0.0315651 -3.12275
513.843 -157.746 61.9361 3.09215 0.0310628 -3.12294
513.685 -157.762 61.6963 3.09203 0.0307015 -3.12313
513.543 -157.776 61.4525 3.0919 0.0304191 -3.12338
513.416 -157.797 61.1851 3.09173 0.0302248 -3.12368
513.292 -157.833 60.9179 3.09154 0.0300405 -3.12397
513.171 -157.877 60.6565 3.09134 0.0298793 -3.12426
513.073 -157.902 60.4021 3.09115 0.0298057 -3.12462
512.965 -157.89 60.1214 3.09095 0.0296743 -3.12508
512.916 -157.876 59.9617 3.09082 0.0296332 -3.1254
512.868 -157.861 59.7739 3.09068 0.0296588 -3.12579
512.83 -157.848 59.602 3.09054 0.0297191 -3.12614
512.798 -157.838 59.4269 3.0904 0.0297951 -3.1265
512.767 -157.825 59.2756 3.09028 0.0297999 -3.1268
512.751 -157.806 59.1513 3.09019 0.029826 -3.12706
512.729 -157.776 59.0225 3.09012 0.0297686 -3.12729
512.706 -157.741 58.895 3.09006 0.029695 -3.12751
512.696 -157.668 58.7301 3.09002 0.0297659 -3.12789
512.691 -157.606 58.6184 3.09001 0.0298553 -3.12818
512.684 -157.568 58.5527 3.09001 0.0299073 -3.12835
512.661 -157.498 58.4196 3.09001 0.0299579 -3.12868
512.627 -157.447 58.3074 3.09 0.0298897 -3.12889
512.562 -157.383 58.1463 3.08998 0.0296634 -3.12912
512.514 -157.338 58.0345 3.08997 0.0294875 -3.12928
512.463 -157.294 57.9206 3.08996 0.0293065 -3.12943
512.403 -157.24 57.7787 3.08994 0.0291007 -3.12964
512.359 -157.19 57.662 3.08993 0.0289568 -3.12983
512.336 -157.162 57.5994 3.08993 0.0288854 -3.12993
512.25 -157.08 57.393 3.08991 0.0285872 -3.13022
512.189 -157.043 57.2631 3.08987 0.0283808 -3.13039
512.132 -157.01 57.1442 3.08984 0.028189 -3.13055
512.068 -156.975 57.012 3.08979 0.0279785 -3.13073
512.003 -156.94 56.8761 3.08974 0.0277626 -3.13092
511.938 -156.916 56.7446 3.08967 0.0275538 -3.13109
511.861 -156.89 56.5894 3.08959 0.0273118 -3.13128
511.802 -156.866 56.4664 3.08953 0.0271242 -3.13143
511.741 -156.848 56.3428 3.08948 0.0269329 -3.13157
511.667 -156.839 56.199 3.08942 0.026717 -3.1317
511.597 -156.835 56.063 3.08936 0.0265072 -3.13181
511.519 -156.826 55.908 3.0893 0.026274 -3.13194
511.441 -156.819 55.7524 3.08923 0.0260495 -3.13207
511.367 -156.822 55.6135 3.08916 0.0258329 -3.13217
511.29 -156.831 55.4641 3.08908 0.0256215 -3.13227
511.229 -156.85 55.3446 3.089 0.0254493 -3.13234
511.15 -156.88 55.205 3.08891 0.0252216 -3.1324
511.055 -156.917 55.0246 3.08878 0.0249676 -3.13248
511.025 -156.926 54.9594 3.08875 0.024887 -3.13252
510.947 -156.954 54.7604 3.08862 0.0246946 -3.13265
510.893 -156.977 54.6321 3.08853 0.0245387 -3.13272
510.823 -157.004 54.478 3.08843 0.0243221 -3.13278
510.754 -157.03 54.3302 3.08835 0.0241205 -3.13283
510.687 -157.054 54.1815 3.08826 0.023928 -3.13289
510.606 -157.075 54.0126 3.08817 0.0236928 -3.13297
510.534 -157.086 53.8637 3.0881 0.0234977 -3.13307
510.452 -157.078 53.6558 3.08801 0.0233304 -3.13328
510.418 -157.053 53.5041 3.08795 0.0233621 -3.13353
510.401 -157.018 53.3548 3.0879 0.023477 -3.13383
510.387 -156.979 53.2265 3.08786 0.023512 -3.13408
510.37 -156.934 53.0894 3.08782 0.0234581 -3.13431
510.355 -156.878 52.94 3.08778 0.0233975 -3.13457
510.344 -156.829 52.8043 3.08774 0.0233654 -3.13481
510.335 -156.779 52.6684 3.0877 0.0233935 -3.13508
510.326 -156.736 52.5411 3.08765 0.0233964 -3.13533
510.322 -156.693 52.4102 3.0876 0.0234057 -3.13558
510.338 -156.622 52.1847 3.08749 0.0236014 -3.13608
510.339 -156.578 51.9933 3.08738 0.0236548 -3.13642
510.341 -156.559 51.8501 3.08726 0.0236146 -3.13662
510.34 -156.553 51.7053 3.08709 0.0235224 -3.13678
510.341 -156.57 51.5844 3.08691 0.0234232 -3.13687
510.339 -156.606 51.4497 3.0867 0.0233048 -3.13694
510.34 -156.65 51.3412 3.08652 0.0232149 -3.13697
510.344 -156.69 51.2662 3.08637 0.023161 -3.13699
510.371 -156.734 51.2242 3.08621 0.023178 -3.13699
510.412 -156.77 51.2092 3.08609 0.023238 -3.13699
510.453 -156.8 51.1996 3.08599 0.0232989 -3.13698
510.456 -156.802 51.1915 3.08598 0.0232973 -3.13699
510.44 -156.787 51.1527 3.08597 0.023237 -3.13704
510.422 -156.765 51.1172 3.08598 0.0231742 -3.13709
510.417 -156.755 51.1032 3.08599 0.0231531 -3.13712
510.42 -156.729 51.0806 3.086 0.0231403 -3.13718
510.443 -156.726 51.0781 3.08598 0.0231869 -3.13721
510.477 -156.74 51.0867 3.08595 0.0232638 -3.1372
510.527 -156.764 51.1036 3.0859 0.0233769 -3.13718
510.605 -156.801 51.1274 3.08582 0.0235658 -3.13717
510.687 -156.841 51.1449 3.08573 0.0237308 -3.13714
510.757 -156.875 51.1519 3.08564 0.0238556 -3.13711
510.848 -156.916 51.1511 3.08553 0.0240096 -3.13709
510.949 -156.959 51.1471 3.0854 0.0241789 -3.13708
511.041 -156.992 51.139 3.08529 0.0243301 -3.13708
511.135 -157.024 51.1341 3.08517 0.0244889 -3.13708
511.225 -157.05 51.1267 3.08506 0.0246362 -3.1371
511.412 -157.07 51.1349 3.0849 0.0251078 -3.13725
511.495 -157.074 51.1422 3.08484 0.0253098 -3.13732
511.68 -157.078 51.153 3.08471 0.0257153 -3.13745
511.905 -157.076 51.156 3.08456 0.0261537 -3.13758
512.02 -157.073 51.1479 3.08448 0.0263823 -3.13767
512.186 -157.068 51.1405 3.08437 0.0267174 -3.13779
512.34 -157.078 51.1422 3.08425 0.0269905 -3.13787
512.463 -157.1 51.1297 3.08412 0.0271785 -3.13791
512.573 -157.13 51.1084 3.08399 0.0273356 -3.13794
512.646 -157.158 51.0921 3.08388 0.0274438 -3.13796
512.757 -157.202 51.0824 3.08371 0.027626 -3.13799
512.837 -157.232 51.0902 3.0836 0.0277686 -3.13801
512.935 -157.265 51.1098 3.08348 0.0279669 -3.13802
513.058 -157.296 51.1405 3.08336 0.0282254 -3.13806
513.217 -157.332 51.1725 3.0832 0.0285491 -3.1381
513.374 -157.351 51.1912 3.08307 0.0289381 -3.1382
513.535 -157.357 51.2022 3.08295 0.0293878 -3.13834
513.737 -157.363 51.209 3.08281 0.0299772 -3.13855
513.888 -157.371 51.2026 3.0827 0.0303135 -3.13865
514.027 -157.388 51.1894 3.08257 0.0305226 -3.13869
514.145 -157.412 51.1681 3.08245 0.0306888 -3.13871
514.228 -157.429 51.1505 3.08236 0.0308026 -3.13873
514.323 -157.441 51.1422 3.08227 0.0309434 -3.13876
514.471 -157.458 51.1807 3.08217 0.0312413 -3.1388
514.606 -157.485 51.2258 3.08206 0.0315236 -3.13882
514.765 -157.522 51.2659 3.08192 0.0318679 -3.13883
514.918 -157.55 51.2932 3.0818 0.0322117 -3.13887
515.118 -157.578 51.3284 3.08166 0.0326866 -3.13895
515.28 -157.593 51.3436 3.08155 0.0331009 -3.13905
515.479 -157.605 51.3627 3.08142 0.0336203 -3.13918
515.672 -157.608 51.373 3.08131 0.0341345 -3.13933
515.857 -157.609 51.3769 3.0812 0.0345804 -3.13945
516.017 -157.609 51.3679 3.0811 0.0349437 -3.13958
516.192 -157.603 51.3662 3.08099 0.0353319 -3.13971
516.356 -157.59 51.3551 3.08089 0.0356414 -3.13983
516.579 -157.571 51.3454 3.08075 0.0360347 -3.13999
516.71 -157.562 51.3422 3.08066 0.0362531 -3.14008
516.835 -157.555 51.3387 3.08058 0.0365131 -3.14019
516.979 -157.561 51.3396 3.08047 0.0368032 -3.14028
517.14 -157.596 51.3566 3.08031 0.0371504 -3.14034
517.301 -157.637 51.3771 3.08015 0.03749 -3.14039
517.47 -157.674 51.4007 3.08 0.0378767 -3.14045
517.669 -157.695 51.4246 3.07985 0.0384096 -3.1406
517.862 -157.708 51.4517 3.0797 0.03894 -3.14077
518.062 -157.721 51.4775 3.07956 0.0395207 -3.14095
518.29 -157.744 51.498 3.07939 0.0401512 -3.14114
518.523 -157.775 51.5226 3.0792 0.0407364 -3.14128
518.862 -157.817 51.555 3.07893 0.0415569 -3.1415
519.098 -157.847 51.5681 3.07873 0.042093 3.14155
519.343 -157.862 51.5723 3.07854 0.0426604 3.14137
519.453 -157.87 51.5728 3.07845 0.0429116 3.14129
519.72 -157.893 51.5609 3.07822 0.0435118 3.14109
520.035 -157.93 51.5427 3.07794 0.0442151 3.14088
520.215 -157.948 51.538 3.07778 0.044609 3.14076
520.366 -157.964 51.5293 3.07764 0.0448943 3.14067
520.521 -157.977 51.5258 3.07751 0.0451702 3.14059
520.695 -157.982 51.5281 3.07738 0.0454698 3.1405
520.825 -157.985 51.5365 3.07728 0.045701 3.14043
520.957 -157.98 51.5451 3.07719 0.0459647 3.14032
521.097 -157.96 51.5636 3.0771 0.0462642 3.14018
521.284 -157.913 51.5937 3.07703 0.0466557 3.13998
521.453 -157.882 51.6191 3.07695 0.0470191 3.13981
521.601 -157.857 51.6351 3.07688 0.0473321 3.13968
521.778 -157.831 51.6651 3.07681 0.0477187 3.13954
521.934 -157.803 51.6893 3.07676 0.0480996 3.1394
522.127 -157.765 51.719 3.0767 0.0486426 3.13919
522.376 -157.711 51.7507 3.07664 0.0492897 3.13895
522.554 -157.681 51.7688 3.07659 0.0497216 3.13881
522.71 -157.652 51.779 3.07655 0.0500921 3.13868
522.888 -157.613 51.7949 3.07651 0.0505099 3.13854
523.051 -157.577 51.8105 3.07647 0.050868 3.13841
523.205 -157.544 51.8297 3.07643 0.0511853 3.13829
523.349 -157.52 51.8499 3.07637 0.0514694 3.13819
523.522 -157.491 51.8795 3.07631 0.051823 3.13806
523.689 -157.469 51.9119 3.07624 0.0521804 3.13795
523.861 -157.462 51.9402 3.07615 0.052575 3.13783
524.062 -157.467 51.9709 3.07602 0.0530429 3.13771
524.254 -157.48 52.0035 3.0759 0.0535298 3.13759
524.447 -157.5 52.0321 3.07577 0.0540213 3.13749
524.71 -157.555 52.084 3.07558 0.0546799 3.13742
524.794 -157.581 52.0992 3.07551 0.0548778 3.13741
525.036 -157.667 52.1511 3.07528 0.0554272 3.13743
525.174 -157.718 52.1841 3.07515 0.0557218 3.13744
525.311 -157.768 52.2188 3.07502 0.0560016 3.13747
525.433 -157.81 52.2492 3.07491 0.0562387 3.13749
525.518 -157.843 52.2673 3.07482 0.0563982 3.13751
525.604 -157.891 52.278 3.07472 0.0565493 3.13755
525.646 -157.916 52.2673 3.07465 0.0566085 3.13756
525.653 -157.915 52.2333 3.07462 0.0565878 3.13753
525.629 -157.892 52.1784 3.07462 0.0564963 3.13746
525.586 -157.852 52.1003 3.07463 0.0563507 3.13736
525.517 -157.781 51.9968 3.07469 0.0561399 3.13722
525.38 -157.657 51.825 3.07481 0.0557537 3.13699
525.293 -157.578 51.7102 3.07487 0.0555076 3.13682
525.222 -157.515 51.6161 3.07492 0.0552987 3.13668
525.15 -157.45 51.5276 3.07498 0.0550887 3.13656
525.105 -157.398 51.4828 3.07505 0.0549603 3.13649
525.079 -157.351 51.4616 3.07513 0.0548818 3.13645
525.068 -157.289 51.4574 3.07524 0.0548328 3.13642
525.076 -157.241 51.4639 3.07532 0.0548283 3.1364
525.09 -157.185 51.4758 3.07541 0.0548328 3.13636
525.102 -157.122 51.4862 3.0755 0.0548278 3.13632
525.109 -157.046 51.4946 3.07562 0.0548082 3.13627
525.103 -156.96 51.4972 3.07576 0.0547494 3.13622
525.084 -156.85 51.493 3.07595 0.0546452 3.13616
525.053 -156.693 51.484 3.07621 0.0544941 3.13608
525.018 -156.558 51.4736 3.07643 0.0543562 3.136
524.986 -156.416 51.465 3.07666 0.0542495 3.13588
524.953 -156.25 51.4588 3.07692 0.054151 3.13573
524.926 -156.087 51.4519 3.07716 0.0540661 3.13556
524.903 -155.896 51.4477 3.07744 0.0539912 3.13535
524.875 -155.55 51.4272 3.07791 0.0538672 3.13495
524.87 -155.328 51.4131 3.0782 0.0538062 3.13469
524.872 -155.113 51.3965 3.07849 0.0537535 3.13444
524.892 -154.886 51.3893 3.07879 0.053735 3.13419
524.928 -154.65 51.3853 3.0791 0.0537412 3.13392
524.977 -154.417 51.3929 3.0794 0.0537807 3.13366
525.038 -154.167 51.3991 3.07971 0.0538327 3.13338
525.133 -153.761 51.4063 3.08021 0.053916 3.1329
525.194 -153.476 51.4064 3.08056 0.0539592 3.13256
525.262 -153.135 51.3903 3.08099 0.0539834 3.13218
525.325 -152.84 51.3789 3.08137 0.0540114 3.13186
525.391 -152.521 51.3637 3.08177 0.0540372 3.13151
525.459 -152.186 51.3632 3.0822 0.0540792 3.13114
525.515 -151.795 51.3512 3.08271 0.0540821 3.13069
525.574 -151.232 51.3278 3.08345 0.0540426 3.13008
525.604 -150.854 51.3078 3.08397 0.0539923 3.12969
525.637 -150.475 51.2932 3.0845 0.0539479 3.12932
525.675 -150.04 51.2856 3.0851 0.0539094 3.12889
525.712 -149.634 51.2841 3.08567 0.0538836 3.12847
525.741 -149.212 51.2827 3.08626 0.0538439 3.12804
525.763 -148.812 51.2743 3.08683 0.0537843 3.12766
525.782 -148.423 51.2608 3.0874 0.0537106 3.12732
525.803 -147.967 51.2541 3.08808 0.0536346 3.12692
525.815 -147.776 51.2569 3.08836 0.0536154 3.12675
525.856 -147.362 51.2739 3.08897 0.0536034 3.12638
525.897 -146.977 51.2901 3.08952 0.0535995 3.12604
525.948 -146.489 51.2925 3.09024 0.0535665 3.12563
525.984 -146.16 51.2799 3.09072 0.053522 3.12539
526.017 -145.889 51.2623 3.09111 0.0534753 3.12521
526.048 -145.654 51.2373 3.09145 0.0534149 3.1251
526.077 -145.501 51.227 3.09168 0.053373 3.12508
526.101 -145.371 51.2258 3.09189 0.0533188 3.12508
526.12 -145.244 51.2268 3.09213 0.0531857 3.12515
526.127 -145.156 51.2262 3.09232 0.0530241 3.12524
526.12 -145.091 51.2248 3.09247 0.0528055 3.12535
526.107 -145.03 51.2215 3.09261 0.0525868 3.12546
526.095 -144.959 51.2142 3.09276 0.0524787 3.12548
526.079 -144.872 51.2035 3.09292 0.0524052 3.12545
526.062 -144.789 51.1962 3.09308 0.0523427 3.12542
526.041 -144.691 51.1886 3.09325 0.0522689 3.12536
526.017 -144.589 51.1817 3.09342 0.0521844 3.1253
525.979 -144.47 51.1728 3.09363 0.0520622 3.12522
525.922 -144.322 51.1626 3.09388 0.051903 3.12512
525.887 -144.206 51.1613 3.09408 0.0518162 3.12502
525.861 -144.091 51.1655 3.09426 0.0517544 3.12492
525.842 -143.985 51.172 3.09443 0.0517108 3.12482
525.824 -143.875 51.1794 3.0946 0.05167 3.12471
525.806 -143.781 51.182 3.09475 0.0516121 3.12462
525.785 -143.708 51.1787 3.09487 0.0515234 3.12459
525.765 -143.66 51.1733 3.09497 0.0514423 3.12458
525.745 -143.622 51.1678 3.09505 0.0513769 3.12458
525.733 -143.589 51.1672 3.09511 0.0513417 3.12457
525.728 -143.562 51.1705 3.09517 0.0513231 3.12457
525.728 -143.542 51.1783 3.09522 0.0513143 3.12458
525.733 -143.544 51.1942 3.09523 0.05131 3.12462
525.728 -143.561 51.204 3.09522 0.0512663 3.12467
525.723 -143.581 51.2132 3.0952 0.0512305 3.12472
525.722 -143.601 51.2229 3.09518 0.0512211 3.12476
525.723 -143.623 51.2284 3.09516 0.0512242 3.12479
525.723 -143.649 51.2317 3.09513 0.0512241 3.12485
525.719 -143.679 51.2377 3.09511 0.051221 3.12491
525.711 -143.716 51.241 3.09509 0.0512071 3.12499
525.7 -143.757 51.2425 3.09507 0.0511867 3.12508
525.692 -143.794 51.2456 3.09504 0.0511712 3.12516
525.687 -143.832 51.2521 3.09501 0.0511647 3.12524
525.687 -143.87 51.2692 3.09498 0.0511743 3.12532
525.691 -143.91 51.2997 3.09495 0.0511979 3.12541
525.706 -143.986 51.3904 3.09492 0.0512109 3.12564
525.714 -144.014 51.4303 3.09491 0.0512166 3.12573
525.747 -144.087 51.5661 3.09491 0.0512318 3.12602
525.788 -144.138 51.6981 3.09494 0.051311 3.12625
525.847 -144.186 51.8924 3.09501 0.051422 3.12654
525.926 -144.217 52.1465 3.09512 0.0515604 3.12685
526.036 -144.237 52.5051 3.09528 0.0517156 3.12724
526.181 -144.24 52.9228 3.09545 0.0520649 3.12756
526.398 -144.24 53.5105 3.09566 0.0527118 3.12792
526.73 -144.25 54.4229 3.09601 0.0535472 3.1286
526.87 -144.254 54.8069 3.09615 0.0539099 3.12888
527.33 -144.329 56.0858 3.09654 0.0552511 3.1298
527.592 -144.41 56.9101 3.09679 0.0560011 3.13052
527.855 -144.493 57.8184 3.09712 0.0567721 3.13132
528.127 -144.591 58.7893 3.0975 0.0576575 3.13219
528.381 -144.727 59.7679 3.09788 0.0584676 3.13318
528.625 -144.849 60.7691 3.09829 0.0593726 3.13413
528.914 -144.982 62.0851 3.09889 0.0606211 3.13534
529.076 -145.084 62.9895 3.09932 0.0612901 3.13629
529.19 -145.161 63.7943 3.09979 0.0618457 3.13715
529.298 -145.251 64.7224 3.10037 0.0625711 3.1381
529.447 -145.397 66.0609 3.10119 0.0634841 3.1396
529.567 -145.51 66.9842 3.10169 0.0642434 3.14061
529.714 -145.606 67.832 3.10212 0.0650899 3.14149
529.881 -145.69 68.6595 3.10255 0.0660203 -3.14088
530.071 -145.769 69.5362 3.10299 0.0670375 -3.14006
530.33 -145.875 70.5514 3.10344 0.0682545 -3.13912
531.692 -146.463 74.7803 3.10492 0.0735894 -3.13494
532.124 -146.651 75.8866 3.1052 0.0752295 -3.1339
532.534 -146.842 76.9061 3.10544 0.0767763 -3.1329
532.912 -147.03 77.8194 3.10564 0.0781826 -3.13197
533.448 -147.269 79.0453 3.10591 0.0801691 -3.13078
533.79 -147.388 79.7946 3.10609 0.0814111 -3.1301
534.103 -147.455 80.4674 3.1063 0.082539 -3.12955
534.396 -147.499 81.0747 3.10649 0.0835763 -3.12909
534.684 -147.511 81.6458 3.10671 0.0845645 -3.12867
535.048 -147.491 82.2987 3.10701 0.085734 -3.12822
535.275 -147.445 82.66 3.10721 0.0864194 -3.12803
535.499 -147.371 82.9731 3.10741 0.087052 -3.12793
535.688 -147.287 83.196 3.10757 0.0875693 -3.12794
535.904 -147.188 83.4085 3.10771 0.0882266 -3.12807
536.117 -147.113 83.585 3.10777 0.0889124 -3.12825
536.49 -147.011 83.8455 3.10777 0.0901919 -3.12868
536.697 -146.945 83.9672 3.10776 0.0909916 -3.12902
536.922 -146.864 84.1138 3.10775 0.0917811 -3.12938
537.116 -146.803 84.2692 3.10772 0.0923363 -3.1296
537.279 -146.76 84.4088 3.10769 0.0928029 -3.12976
537.498 -146.731 84.6019 3.10763 0.0934678 -3.12993
537.905 -146.71 84.9807 3.10749 0.0947796 -3.13023
538.23 -146.719 85.3017 3.10735 0.0958461 -3.13041
538.414 -146.721 85.4822 3.10729 0.0964981 -3.13053
538.988 -146.724 86.0606 3.10711 0.0985985 -3.13092
539.627 -146.7 86.7124 3.10693 0.100629 -3.13123
540.058 -146.665 87.1047 3.10686 0.101913 -3.1314
540.275 -146.623 87.3077 3.10687 0.102491 -3.13146
540.338 -146.552 87.3486 3.10695 0.102598 -3.13151
540.321 -146.467 87.3128 3.1071 0.102469 -3.13153
540.244 -146.341 87.1675 3.10727 0.102165 -3.13167
540.154 -146.23 87.0017 3.10739 0.101841 -3.13185
540.001 -146.095 86.7442 3.10755 0.10132 -3.13206
539.696 -145.889 86.2481 3.10778 0.100308 -3.13241
539.453 -145.765 85.8621 3.10791 0.0995219 -3.13266
539.181 -145.636 85.4419 3.10804 0.0986585 -3.13294
538.889 -145.493 85.0013 3.10816 0.0977508 -3.13327
538.61 -145.354 84.5646 3.10827 0.0968707 -3.13361
538.325 -145.214 84.1008 3.10836 0.0959583 -3.13399
538.046 -145.087 83.6354 3.10842 0.0950566 -3.13436
537.643 -144.92 82.9341 3.10848 0.0937254 -3.13489
537.396 -144.817 82.4868 3.10849 0.0928987 -3.13526
537.102 -144.693 81.9768 3.1085 0.0919439 -3.1357
536.857 -144.58 81.5444 3.1085 0.0911466 -3.13612
536.599 -144.452 81.0718 3.10849 0.090293 -3.1366
536.341 -144.319 80.6019 3.10849 0.0894405 -3.13709
536.022 -144.153 79.9867 3.10846 0.0883567 -3.13772
535.805 -144.042 79.5562 3.10842 0.087607 -3.13815
535.597 -143.931 79.1294 3.10838 0.0868763 -3.1386
535.401 -143.824 78.7208 3.10834 0.0861847 -3.13903
535.191 -143.719 78.2885 3.10828 0.0854478 -3.13948
535.014 -143.63 77.9105 3.10822 0.0848159 -3.13987
534.827 -143.529 77.5081 3.10817 0.0841444 -3.1403
534.583 -143.388 76.9849 3.1081 0.0832722 -3.14088
534.416 -143.288 76.6125 3.10803 0.0826672 -3.14131
534.252 -143.189 76.2589 3.10798 0.0820836 3.14146
534.107 -143.099 75.9546 3.10795 0.0815742 3.14111
533.958 -143.003 75.6241 3.1079 0.0810328 3.14072
533.812 -142.908 75.3115 3.10787 0.080515 3.14035
533.683 -142.825 75.0478 3.10785 0.0800684 3.14004
533.497 -142.706 74.6608 3.10782 0.0794144 3.13959
533.375 -142.624 74.4102 3.10781 0.0789892 3.1393
533.257 -142.548 74.1827 3.10781 0.0785892 3.13904
533.162 -142.487 74.002 3.10781 0.0782699 3.13883
533.042 -142.416 73.7752 3.10781 0.0778682 3.13859
532.882 -142.317 73.4851 3.10783 0.077343 3.13827
532.79 -142.26 73.3241 3.10784 0.0770459 3.13809
532.697 -142.208 73.1558 3.10784 0.0767409 3.13791
532.61 -142.157 73.0016 3.10785 0.0764587 3.13774
532.517 -142.106 72.852 3.10787 0.0761699 3.13759
532.405 -142.049 72.6746 3.10789 0.0758253 3.13741
532.338 -142.018 72.5681 3.1079 0.0756176 3.13732
532.276 -141.991 72.4747 3.10792 0.0754302 3.13723
532.212 -141.965 72.3766 3.10792 0.0752362 3.13715
532.149 -141.941 72.2723 3.10792 0.0750382 3.13706
532.099 -141.924 72.189 3.10792 0.07488 3.13699
532.038 -141.903 72.0857 3.10792 0.0746857 3.13691
532.004 -141.892 72.0275 3.10791 0.0745779 3.13686
531.958 -141.877 71.9432 3.1079 0.0744249 3.13679
531.919 -141.865 71.8757 3.1079 0.0742989 3.13674
531.886 -141.855 71.8193 3.10789 0.0741949 3.13669
531.856 -141.849 71.7674 3.10789 0.074098 3.13666
531.827 -141.841 71.7202 3.10788 0.0740068 3.13662
531.802 -141.836 71.6785 3.10788 0.0739281 3.1366
531.764 -141.827 71.6165 3.10788 0.0738083 3.13655
531.742 -141.823 71.5807 3.10787 0.0737404 3.13653
531.718 -141.818 71.5409 3.10787 0.0736639 3.13651
531.698 -141.812 71.508 3.10787 0.0736009 3.13648
531.679 -141.807 71.4774 3.10787 0.073542 3.13646
531.658 -141.802 71.4433 3.10786 0.0734774 3.13643
531.634 -141.796 71.4053 3.10786 0.0734026 3.13641
531.618 -141.791 71.38 3.10786 0.0733527 3.13639
531.603 -141.787 71.3575 3.10786 0.073308 3.13637
531.589 -141.783 71.3364 3.10787 0.0732657 3.13636
531.576 -141.778 71.3162 3.10787 0.0732269 3.13634
