528.042 -146.943 69.0599 3.10023 0.0675912 -3.14097
528.042 -146.943 69.0599 3.10023 0.0675912 -3.14097
528.18 -146.423 69.0712 3.10071 0.0678053 3.14104
528.328 -145.835 69.0673 3.10104 0.0680233 3.1397
528.396 -145.558 69.0645 3.1012 0.0681323 3.13908
528.462 -145.308 69.0629 3.10133 0.0682485 3.1385
528.547 -144.961 69.0483 3.1015 0.0683965 3.13767
528.592 -144.755 69.0307 3.1016 0.0684644 3.13718
528.635 -144.569 69.0187 3.1017 0.0685354 3.13675
528.699 -144.302 69.0084 3.10183 0.068658 3.1361
528.73 -144.156 68.9923 3.10189 0.0687119 3.13573
528.76 -144.003 68.9768 3.10197 0.0687642 3.13535
528.779 -143.874 68.9552 3.10204 0.0687873 3.13504
528.803 -143.715 68.9222 3.10211 0.0688111 3.13465
528.817 -143.61 68.8983 3.10216 0.0688242 3.13438
528.831 -143.515 68.8838 3.1022 0.0688458 3.13414
528.85 -143.405 68.8661 3.10224 0.0688744 3.13385
528.862 -143.334 68.8552 3.10227 0.0688949 3.13367
528.871 -143.281 68.8481 3.10229 0.0689119 3.13352
528.889 -143.197 68.843 3.10233 0.0689453 3.13332
528.893 -143.179 68.8422 3.10234 0.068954 3.13327
528.91 -143.113 68.8414 3.10237 0.0689889 3.1331
528.918 -143.08 68.8411 3.10238 0.0690052 3.13302
528.926 -143.053 68.8429 3.1024 0.0690229 3.13296
528.933 -143.02 68.8399 3.10241 0.069035 3.13287
528.939 -143 68.8421 3.10242 0.069049 3.13283
528.945 -142.982 68.8443 3.10243 0.0690619 3.13278
528.953 -142.959 68.8482 3.10244 0.0690814 3.13273
528.958 -142.946 68.852 3.10245 0.0690955 3.13269
528.964 -142.933 68.858 3.10246 0.0691126 3.13266
528.971 -142.921 68.8655 3.10246 0.0691321 3.13264
528.98 -142.906 68.8743 3.10247 0.0691559 3.1326
528.986 -142.897 68.8823 3.10248 0.0691748 3.13258
528.993 -142.888 68.891 3.10249 0.0691952 3.13256
528.999 -142.88 68.899 3.10249 0.0692139 3.13255
529.006 -142.871 68.9075 3.1025 0.069234 3.13253
529.014 -142.861 68.9185 3.1025 0.0692593 3.1325
529.026 -142.846 68.9343 3.10251 0.0692959 3.13247
529.034 -142.836 68.9445 3.10252 0.0693197 3.13245
529.041 -142.827 68.9539 3.10253 0.0693415 3.13243
529.048 -142.818 68.9638 3.10253 0.0693641 3.13241
529.057 -142.808 68.9753 3.10254 0.0693905 3.13239
529.068 -142.794 68.989 3.10255 0.0694223 3.13236
529.076 -142.784 68.9998 3.10256 0.069447 3.13234
529.084 -142.774 69.0103 3.10256 0.0694713 3.13231
529.092 -142.765 69.0209 3.10257 0.0694958 3.13229
529.102 -142.752 69.0346 3.10258 0.0695274 3.13227
529.109 -142.744 69.0436 3.10259 0.0695478 3.13225
529.116 -142.735 69.0528 3.10259 0.0695692 3.13223
529.126 -142.723 69.0657 3.1026 0.0695989 3.1322
529.133 -142.714 69.075 3.10261 0.0696202 3.13219
529.14 -142.706 69.0842 3.10261 0.0696413 3.13217
529.145 -142.699 69.0915 3.10262 0.0696581 3.13215
529.15 -142.692 69.0977 3.10263 0.0696724 3.13214
529.155 -142.686 69.1037 3.10263 0.0696862 3.13213
529.162 -142.677 69.1127 3.10264 0.0697065 3.13211
529.166 -142.671 69.1181 3.10264 0.0697191 3.1321
529.171 -142.666 69.1236 3.10265 0.0697316 3.13209
529.176 -142.659 69.13 3.10265 0.0697464 3.13208
529.18 -142.653 69.1363 3.10266 0.0697608 3.13207
529.186 -142.646 69.1434 3.10267 0.0697772 3.13205
529.189 -142.642 69.1477 3.10267 0.069787 3.13204
529.192 -142.637 69.151 3.10267 0.0697946 3.13204
529.196 -142.631 69.1561 3.10268 0.0698064 3.13203
529.198 -142.628 69.1585 3.10268 0.0698119 3.13202
529.201 -142.625 69.1617 3.10269 0.0698191 3.13202
529.204 -142.621 69.1651 3.10269 0.0698268 3.13201
529.206 -142.618 69.168 3.10269 0.0698333 3.132
529.209 -142.614 69.1723 3.1027 0.0698434 3.13199
529.212 -142.61 69.176 3.1027 0.0698519 3.13199
529.215 -142.606 69.1798 3.1027 0.0698606 3.13198
529.218 -142.602 69.1834 3.10271 0.0698689 3.13197
529.222 -142.597 69.1886 3.10271 0.0698808 3.13196
529.225 -142.593 69.1922 3.10271 0.0698891 3.13195
529.227 -142.589 69.1951 3.10272 0.0698956 3.13195
529.229 -142.587 69.1976 3.10272 0.0699015 3.13194
529.231 -142.584 69.2001 3.10272 0.0699072 3.13194
529.232 -142.582 69.2011 3.10273 0.0699093 3.13194
529.234 -142.579 69.2028 3.10273 0.0699131 3.13193
529.235 -142.578 69.2041 3.10273 0.0699161 3.13193
529.237 -142.576 69.2059 3.10273 0.0699203 3.13193
529.238 -142.574 69.2076 3.10274 0.0699238 3.13192
529.239 -142.572 69.2091 3.10274 0.0699273 3.13192
529.24 -142.57 69.2103 3.10274 0.0699302 3.13192
529.241 -142.568 69.2118 3.10274 0.0699335 3.13191
529.243 -142.566 69.2145 3.10274 0.0699395 3.13191
529.244 -142.565 69.2153 3.10274 0.0699417 3.13191
529.246 -142.562 69.2172 3.10275 0.0699461 3.1319
529.247 -142.56 69.2187 3.10275 0.0699493 3.1319
529.249 -142.558 69.221 3.10275 0.0699548 3.13189
529.25 -142.556 69.2223 3.10275 0.0699577 3.13189
529.251 -142.555 69.2236 3.10275 0.0699607 3.13189
529.252 -142.553 69.2249 3.10276 0.0699638 3.13189
529.254 -142.551 69.2268 3.10276 0.0699679 3.13188
529.254 -142.55 69.2277 3.10276 0.06997 3.13188
529.255 -142.548 69.229 3.10276 0.069973 3.13188
529.257 -142.546 69.2313 3.10276 0.0699782 3.13187
529.258 -142.544 69.2328 3.10277 0.0699816 3.13187
529.259 -142.543 69.2338 3.10277 0.0699841 3.13187
529.26 -142.542 69.2352 3.10277 0.069987 3.13187
529.262 -142.54 69.2368 3.10277 0.0699908 3.13186
529.263 -142.538 69.2386 3.10277 0.069995 3.13186
529.264 -142.537 69.2398 3.10277 0.0699978 3.13186
529.265 -142.535 69.2413 3.10278 0.0700009 3.13185
529.266 -142.533 69.2422 3.10278 0.0700032 3.13185
529.267 -142.532 69.243 3.10278 0.070005 3.13185
529.268 -142.53 69.2444 3.10278 0.0700081 3.13185
529.269 -142.529 69.245 3.10278 0.0700095 3.13185
529.269 -142.528 69.2456 3.10278 0.070011 3.13185
529.27 -142.528 69.2462 3.10279 0.0700124 3.13184
529.27 -142.527 69.2469 3.10279 0.0700138 3.13184
529.271 -142.525 69.2479 3.10279 0.0700162 3.13184
529.272 -142.524 69.2486 3.10279 0.0700177 3.13184
529.272 -142.524 69.2492 3.10279 0.0700189 3.13184
529.273 -142.523 69.2499 3.10279 0.0700206 3.13184
529.274 -142.521 69.2508 3.10279 0.0700226 3.13183
529.274 -142.52 69.2513 3.1028 0.0700237 3.13183
529.275 -142.519 69.252 3.1028 0.0700252 3.13183
529.276 -142.518 69.2527 3.1028 0.0700269 3.13183
529.276 -142.517 69.2535 3.1028 0.0700285 3.13183
529.277 -142.516 69.254 3.1028 0.0700297 3.13183
529.277 -142.514 69.2546 3.1028 0.0700311 3.13183
529.278 -142.514 69.2555 3.1028 0.0700331 3.13183
529.279 -142.512 69.2567 3.10281 0.0700359 3.13182
529.28 -142.511 69.2574 3.10281 0.0700379 3.13182
529.28 -142.51 69.2582 3.10281 0.0700394 3.13182
529.281 -142.509 69.2593 3.10281 0.0700419 3.13182
529.282 -142.508 69.2597 3.10281 0.0700427 3.13182
529.283 -142.506 69.2611 3.10281 0.0700461 3.13181
529.284 -142.505 69.2623 3.10281 0.070049 3.13181
529.285 -142.503 69.2635 3.10282 0.0700518 3.13181
529.286 -142.502 69.2648 3.10282 0.0700548 3.1318
529.287 -142.501 69.2658 3.10282 0.0700571 3.1318
529.288 -142.499 69.267 3.10282 0.0700598 3.1318
529.289 -142.498 69.2683 3.10282 0.0700631 3.1318
529.29 -142.497 69.2691 3.10282 0.0700648 3.1318
529.29 -142.495 69.27 3.10283 0.0700668 3.13179
529.291 -142.494 69.2707 3.10283 0.0700686 3.13179
529.291 -142.493 69.2711 3.10283 0.0700694 3.13179
529.292 -142.493 69.2714 3.10283 0.07007 3.13179
529.292 -142.492 69.2718 3.10283 0.070071 3.13179
529.293 -142.491 69.2722 3.10283 0.0700721 3.13179
529.293 -142.491 69.2724 3.10283 0.0700724 3.13179
529.293 -142.49 69.2727 3.10283 0.070073 3.13179
529.293 -142.49 69.2732 3.10283 0.0700742 3.13179
529.294 -142.489 69.2737 3.10283 0.0700754 3.13179
529.294 -142.488 69.2742 3.10284 0.0700766 3.13179
529.295 -142.488 69.2746 3.10284 0.0700775 3.13178
529.295 -142.487 69.2751 3.10284 0.0700786 3.13178
529.296 -142.486 69.2756 3.10284 0.0700798 3.13178
529.296 -142.486 69.2758 3.10284 0.0700802 3.13178
529.296 -142.485 69.2764 3.10284 0.0700816 3.13178
529.297 -142.484 69.2773 3.10284 0.0700837 3.13178
529.297 -142.483 69.2776 3.10284 0.0700845 3.13178
529.298 -142.483 69.2782 3.10284 0.0700859 3.13178
529.298 -142.482 69.2788 3.10284 0.0700871 3.13178
529.299 -142.481 69.2793 3.10284 0.0700883 3.13177
529.3 -142.48 69.28 3.10285 0.0700899 3.13177
529.3 -142.48 69.2805 3.10285 0.0700911 3.13177
529.3 -142.479 69.2812 3.10285 0.0700925 3.13177
529.301 -142.478 69.2817 3.10285 0.0700937 3.13177
529.301 -142.477 69.2821 3.10285 0.0700946 3.13177
529.302 -142.477 69.2826 3.10285 0.0700957 3.13177
529.302 -142.476 69.283 3.10285 0.0700967 3.13177
529.303 -142.475 69.2835 3.10285 0.0700979 3.13177
529.303 -142.475 69.2839 3.10285 0.0700988 3.13177
529.303 -142.474 69.2844 3.10286 0.0700999 3.13176
529.304 -142.473 69.2848 3.10286 0.0701007 3.13176
529.304 -142.472 69.2851 3.10286 0.0701015 3.13176
529.304 -142.472 69.2854 3.10286 0.0701021 3.13176
529.305 -142.471 69.2859 3.10286 0.0701033 3.13176
529.305 -142.47 69.2861 3.10286 0.0701037 3.13176
529.306 -142.47 69.2864 3.10286 0.0701045 3.13176
529.306 -142.469 69.2867 3.10286 0.070105 3.13176
529.306 -142.469 69.2871 3.10286 0.0701059 3.13176
529.307 -142.468 69.2875 3.10286 0.0701068 3.13176
529.307 -142.467 69.2879 3.10286 0.0701078 3.13176
529.307 -142.466 69.2885 3.10287 0.0701092 3.13175
529.308 -142.466 69.2891 3.10287 0.0701106 3.13175
529.308 -142.465 69.2895 3.10287 0.0701117 3.13175
529.309 -142.464 69.29 3.10287 0.0701126 3.13175
529.309 -142.464 69.2905 3.10287 0.0701138 3.13175
529.31 -142.463 69.2911 3.10287 0.0701154 3.13175
529.31 -142.462 69.2919 3.10287 0.070117 3.13175
529.311 -142.461 69.2923 3.10287 0.0701181 3.13175
529.311 -142.46 69.2927 3.10287 0.0701189 3.13174
529.312 -142.46 69.2932 3.10287 0.0701202 3.13174
529.312 -142.459 69.2935 3.10287 0.0701209 3.13174
529.312 -142.459 69.2938 3.10288 0.0701217 3.13174
529.313 -142.457 69.2943 3.10288 0.0701232 3.13174
529.313 -142.457 69.2946 3.10288 0.0701238 3.13174
529.313 -142.457 69.295 3.10288 0.0701245 3.13174
529.314 -142.456 69.2954 3.10288 0.0701256 3.13174
529.314 -142.456 69.2957 3.10288 0.0701261 3.13174
529.314 -142.455 69.2959 3.10288 0.0701266 3.13174
529.315 -142.455 69.2962 3.10288 0.0701273 3.13174
529.315 -142.454 69.2967 3.10288 0.0701286 3.13174
529.315 -142.454 69.297 3.10288 0.0701292 3.13174
529.315 -142.453 69.2971 3.10288 0.0701295 3.13173
529.316 -142.452 69.2976 3.10288 0.0701307 3.13173
529.316 -142.452 69.298 3.10289 0.0701316 3.13173
529.316 -142.452 69.2981 3.10289 0.0701318 3.13173
529.317 -142.451 69.2981 3.10289 0.0701319 3.13173
529.317 -142.45 69.2989 3.10289 0.0701339 3.13173
529.317 -142.45 69.299 3.10289 0.0701339 3.13173
529.318 -142.449 69.2993 3.10289 0.0701347 3.13173
529.318 -142.448 69.2993 3.10289 0.0701348 3.13173
529.318 -142.448 69.2998 3.10289 0.0701359 3.13173
529.319 -142.446 69.3001 3.10289 0.0701364 3.13173
529.319 -142.446 69.3002 3.10289 0.0701367 3.13173
529.319 -142.446 69.3005 3.10289 0.0701373 3.13173
529.319 -142.445 69.3007 3.1029 0.0701377 3.13172
529.319 -142.445 69.3007 3.1029 0.0701379 3.13172
529.319 -142.444 69.3008 3.1029 0.0701384 3.13172
529.32 -142.444 69.3015 3.1029 0.07014 3.13172
529.32 -142.443 69.3017 3.1029 0.0701401 3.13172
529.32 -142.443 69.3019 3.1029 0.0701406 3.13172
529.321 -142.442 69.3019 3.1029 0.0701409 3.13172
529.321 -142.441 69.3023 3.1029 0.0701417 3.13172
529.321 -142.441 69.3026 3.1029 0.0701425 3.13172
529.321 -142.441 69.3026 3.1029 0.0701426 3.13172
529.321 -142.44 69.3027 3.1029 0.0701428 3.13172
529.322 -142.439 69.303 3.1029 0.0701434 3.13172
529.322 -142.439 69.3031 3.1029 0.0701438 3.13172
529.322 -142.439 69.3033 3.10291 0.0701443 3.13172
529.322 -142.439 69.3034 3.10291 0.0701443 3.13172
529.322 -142.438 69.3035 3.10291 0.0701447 3.13172
529.323 -142.438 69.3038 3.10291 0.0701454 3.13171
529.314 -142.427 69.2989 3.10293 0.0701286 3.1317
529.29 -142.401 69.2795 3.10297 0.0700764 3.13166
529.259 -142.37 69.2523 3.10302 0.0700076 3.13161
529.233 -142.355 69.2187 3.10304 0.0699383 3.13157
529.198 -142.381 69.1673 3.10301 0.0698343 3.13158
529.134 -142.456 69.1012 3.10297 0.0696433 3.1317
529.014 -142.588 68.9877 3.10286 0.0693168 3.13193
528.786 -142.857 68.7841 3.10259 0.0687733 3.1323
528.665 -143.049 68.6631 3.10236 0.0684848 3.13253
528.576 -143.233 68.5699 3.10211 0.0682756 3.13273
528.488 -143.517 68.4743 3.10169 0.0680813 3.133
528.43 -143.762 68.4187 3.10131 0.0679738 3.1332
528.375 -144.05 68.3522 3.10087 0.0678509 3.13348
528.328 -144.335 68.2906 3.10046 0.067726 3.13379
528.237 -144.67 68.1969 3.09999 0.0674857 3.13419
528.148 -144.848 68.1303 3.09977 0.0672681 3.13441
528.023 -145.036 68.0564 3.09957 0.0669231 3.13471
527.869 -145.204 67.998 3.09944 0.066262 3.1352
527.66 -145.422 67.9447 3.09929 0.0652968 3.13593
527.414 -145.721 67.8696 3.09908 0.0641544 3.13687
527.284 -145.904 67.8187 3.09894 0.0635547 3.13741
527.16 -146.078 67.7547 3.0988 0.0630692 3.13785
527.019 -146.246 67.6781 3.09868 0.0624903 3.13833
526.836 -146.443 67.587 3.09856 0.0616749 3.13896
526.647 -146.679 67.4736 3.09838 0.0609293 3.13959
526.479 -146.919 67.3498 3.09817 0.0603649 3.14011
526.171 -147.279 67.13 3.09789 0.0593172 3.14096
525.923 -147.507 66.9737 3.09774 0.0584302 3.14159
522.315 -149.378 63.1815 3.09636 0.0489466 -3.13859
522.122 -149.43 62.9434 3.0963 0.04843 -3.13857
521.913 -149.481 62.6874 3.09624 0.0478772 -3.13857
521.631 -149.533 62.3391 3.09616 0.0471315 -3.13862
521.448 -149.562 62.1136 3.09611 0.0466497 -3.13866
521.258 -149.595 61.8736 3.09605 0.0461496 -3.13871
521.081 -149.639 61.6254 3.09597 0.0456742 -3.13875
520.861 -149.699 61.2816 3.09581 0.0451137 -3.13888
520.734 -149.733 61.0553 3.09568 0.044816 -3.13902
520.632 -149.767 60.8607 3.09555 0.0445623 -3.13913
520.524 -149.806 60.6525 3.09539 0.0443002 -3.13924
520.333 -149.893 60.3179 3.09518 0.0437874 -3.1393
520.211 -149.952 60.1101 3.09504 0.0434443 -3.13932
520.106 -150.002 59.9228 3.0949 0.0431749 -3.13938
519.983 -150.043 59.6846 3.09474 0.0428829 -3.13954
519.877 -150.066 59.4658 3.09461 0.0426543 -3.13971
519.751 -150.095 59.2123 3.09446 0.0423615 -3.13989
519.541 -150.158 58.8385 3.0942 0.041748 -3.13999
519.396 -150.205 58.5915 3.09398 0.0412884 -3.14003
519.239 -150.256 58.3284 3.0938 0.0407995 -3.14008
519.073 -150.314 58.0554 3.09364 0.0402926 -3.14013
518.812 -150.419 57.6301 3.09339 0.0394934 -3.14017
518.649 -150.485 57.3675 3.09325 0.0389947 -3.14018
518.5 -150.536 57.1214 3.09312 0.0385336 -3.14021
518.355 -150.574 56.8756 3.093 0.0380814 -3.14027
518.148 -150.593 56.5075 3.09284 0.037423 -3.14045
518.01 -150.597 56.2574 3.09274 0.0369812 -3.14059
517.888 -150.597 56.0344 3.09265 0.0365886 -3.14072
517.762 -150.589 55.7995 3.09256 0.0361785 -3.14088
517.656 -150.571 55.5978 3.09249 0.0358325 -3.14104
517.571 -150.543 55.4307 3.09243 0.0355538 -3.14122
517.438 -150.49 55.1673 3.09235 0.0351188 -3.14152
517.361 -150.461 55.015 3.0923 0.0348666 3.1415
517.274 -150.423 54.8484 3.09226 0.0345843 3.14131
517.172 -150.376 54.679 3.09226 0.0342771 3.14113
517.049 -150.332 54.4972 3.09227 0.0339248 3.14097
516.858 -150.298 54.1956 3.09223 0.0333519 3.14077
516.729 -150.293 53.9736 3.09216 0.0329416 3.14065
516.592 -150.302 53.737 3.09208 0.0324965 3.14057
516.446 -150.325 53.4885 3.09197 0.0320198 3.14052
516.298 -150.357 53.2348 3.09184 0.0315451 3.14047
516.136 -150.392 52.9476 3.09163 0.0310264 3.14038
515.919 -150.449 52.5493 3.09125 0.0303197 3.14025
515.772 -150.495 52.2918 3.09105 0.0298545 3.14019
515.584 -150.561 51.9699 3.09084 0.0292605 3.14014
515.335 -150.633 51.5632 3.09062 0.0284879 3.14005
515.219 -150.664 51.3772 3.0905 0.0281466 3.13996
515.098 -150.697 51.1773 3.09033 0.0277998 3.1398
515.023 -150.716 51.0534 3.09019 0.0276014 3.13963
514.95 -150.747 50.9209 3.08995 0.027419 3.13939
514.931 -150.786 50.8698 3.08973 0.0273752 3.13927
514.924 -150.827 50.8387 3.08954 0.0273629 3.13919
514.919 -150.86 50.8176 3.08942 0.0273556 3.13913
514.899 -150.888 50.7831 3.08929 0.0273296 3.13901
514.883 -150.899 50.763 3.08922 0.0273089 3.13892
514.861 -150.916 50.7329 3.08914 0.0272689 3.13885
514.843 -150.934 50.7086 3.08907 0.027237 3.13878
514.825 -150.96 50.6893 3.08896 0.0272241 3.13869
514.819 -150.994 50.6891 3.08886 0.0272392 3.13865
514.815 -151.034 50.6949 3.08876 0.0272652 3.13861
514.812 -151.079 50.707 3.08864 0.0273063 3.13856
514.812 -151.121 50.7197 3.08854 0.0273496 3.13852
514.814 -151.169 50.729 3.08842 0.027389 3.13849
514.816 -151.219 50.7372 3.0883 0.027429 3.13847
514.823 -151.281 50.7463 3.08816 0.0274828 3.13845
514.837 -151.353 50.7519 3.088 0.0275406 3.13846
514.851 -151.434 50.7537 3.08783 0.0275955 3.13847
514.875 -151.531 50.7602 3.08762 0.0276717 3.13848
514.903 -151.617 50.7732 3.08743 0.0277505 3.1385
514.933 -151.707 50.7823 3.08723 0.0278253 3.13853
514.971 -151.816 50.7876 3.08699 0.0279072 3.13857
515.001 -151.909 50.7893 3.08679 0.0279709 3.13861
515.032 -152.006 50.7878 3.08658 0.0280337 3.13865
515.066 -152.126 50.7824 3.08631 0.028102 3.13869
515.088 -152.218 50.7796 3.08611 0.0281525 3.13873
515.129 -152.381 50.7806 3.08577 0.0282482 3.13879
515.152 -152.474 50.7828 3.08558 0.0283022 3.13883
515.17 -152.554 50.7875 3.08541 0.0283502 3.13887
515.19 -152.64 50.7936 3.08524 0.0284052 3.13891
515.221 -152.743 50.8006 3.08502 0.0284758 3.13896
515.255 -152.837 50.8056 3.08483 0.0285434 3.13902
515.287 -152.934 50.8063 3.08464 0.0286024 3.1391
515.319 -153.037 50.8055 3.08444 0.0286584 3.13917
515.368 -153.198 50.8089 3.08413 0.0287499 3.13929
515.391 -153.3 50.8076 3.08393 0.0287912 3.13937
515.395 -153.386 50.7978 3.08377 0.0287898 3.13944
515.386 -153.49 50.7844 3.08359 0.0287675 3.13952
515.377 -153.575 50.7757 3.08344 0.0287449 3.13959
515.364 -153.661 50.7681 3.08329 0.0287051 3.13966
515.339 -153.752 50.7623 3.08313 0.0285923 3.13977
515.303 -153.874 50.7606 3.08293 0.0284079 3.13995
515.282 -153.991 50.7642 3.08273 0.0282546 3.14011
515.271 -154.113 50.7688 3.08252 0.0281423 3.14027
515.276 -154.288 50.772 3.0822 0.0281004 3.14043
515.307 -154.57 50.7741 3.08166 0.0281726 3.14063
515.326 -154.781 50.7748 3.08127 0.0282176 3.14078
515.34 -154.966 50.7712 3.08093 0.028226 3.14093
515.364 -155.193 50.7641 3.08051 0.0282511 3.14112
515.391 -155.405 50.7621 3.08013 0.0283123 3.14127
515.426 -155.639 50.7724 3.07969 0.0284178 3.14141
515.481 -155.922 50.7889 3.07916 0.0285706 3.14158
515.521 -156.124 50.7949 3.07879 0.0286713 -3.14148
515.573 -156.32 50.8073 3.07842 0.0287962 -3.14136
515.635 -156.5 50.8207 3.07808 0.0289279 -3.14123
515.699 -156.688 50.8249 3.07773 0.0290457 -3.14108
515.759 -156.889 50.8166 3.07736 0.0291404 -3.14089
515.841 -157.154 50.8029 3.07688 0.0292722 -3.14063
515.906 -157.306 50.8016 3.07659 0.0293725 -3.14048
516.014 -157.503 50.8116 3.0762 0.0295457 -3.14028
516.159 -157.704 50.8365 3.07579 0.029782 -3.14007
516.317 -157.911 50.8629 3.07536 0.0300369 -3.13986
516.476 -158.123 50.8797 3.07492 0.0302927 -3.13964
516.628 -158.352 50.8721 3.07444 0.0305213 -3.13941
516.847 -158.685 50.8395 3.07373 0.0308597 -3.13912
516.983 -158.894 50.8124 3.07328 0.0310994 -3.13897
517.144 -159.121 50.7919 3.07277 0.0313682 -3.13881
517.287 -159.305 50.7852 3.07235 0.0316109 -3.13869
517.419 -159.464 50.7953 3.07199 0.0318439 -3.13858
517.603 -159.705 50.8044 3.07146 0.0321303 -3.13837
517.731 -159.88 50.8028 3.07107 0.0323189 -3.13822
517.836 -160.004 50.8056 3.07078 0.0324983 -3.13814
517.954 -160.12 50.8091 3.07049 0.0327642 -3.13812
518.065 -160.216 50.8109 3.07023 0.0330564 -3.13815
518.188 -160.307 50.8166 3.06998 0.0334327 -3.13823
518.346 -160.432 50.8272 3.06965 0.033839 -3.13825
518.523 -160.622 50.8283 3.06919 0.0341112 -3.13812
518.619 -160.737 50.8258 3.06892 0.0342513 -3.13804
518.738 -160.881 50.8256 3.06858 0.0344277 -3.13794
518.872 -161.045 50.8224 3.06819 0.0346282 -3.13783
518.939 -161.125 50.8217 3.068 0.0347268 -3.13777
519.141 -161.373 50.8255 3.06742 0.0350361 -3.13759
519.264 -161.518 50.8312 3.06708 0.0352437 -3.1375
519.394 -161.66 50.8355 3.06674 0.0354913 -3.13743
519.542 -161.814 50.8493 3.06638 0.0357838 -3.13735
519.678 -161.941 50.8608 3.06607 0.0360496 -3.13728
519.896 -162.128 50.8695 3.0656 0.0364821 -3.13721
520.07 -162.271 50.8742 3.06524 0.0368029 -3.13713
520.228 -162.38 50.8819 3.06495 0.0371153 -3.1371
520.398 -162.47 50.8864 3.06467 0.0374748 -3.13711
520.603 -162.575 50.8862 3.06433 0.0378849 -3.13714
520.867 -162.674 50.8842 3.06393 0.0383682 -3.1372
521.036 -162.705 50.8843 3.06372 0.0387127 -3.13731
521.22 -162.716 50.8781 3.06351 0.0391372 -3.13752
521.379 -162.717 50.8761 3.06332 0.0394869 -3.13773
521.566 -162.7 50.8848 3.06312 0.0398291 -3.13795
521.727 -162.662 50.8943 3.06296 0.0400885 -3.13817
521.859 -162.617 50.9047 3.06285 0.0403104 -3.13839
522.005 -162.576 50.9238 3.06271 0.0405801 -3.13862
522.235 -162.527 50.9492 3.06252 0.0409754 -3.13889
522.38 -162.506 50.9605 3.06239 0.0412106 -3.13902
522.528 -162.492 50.9709 3.06226 0.0414848 -3.13916
522.687 -162.486 50.9835 3.06212 0.0417797 -3.13929
522.843 -162.504 50.9858 3.06195 0.0420081 -3.13933
522.997 -162.544 50.9833 3.06175 0.0422435 -3.13936
523.145 -162.581 50.9867 3.06155 0.0424777 -3.13939
523.31 -162.625 50.9888 3.06132 0.0427157 -3.13941
523.406 -162.649 50.9802 3.06119 0.0428391 -3.13943
523.521 -162.682 50.983 3.06102 0.0430244 -3.13947
523.663 -162.72 50.9984 3.06081 0.0432909 -3.13955
523.783 -162.74 51.0186 3.06067 0.0435324 -3.13963
523.919 -162.738 51.0366 3.06053 0.0438583 -3.13979
524.054 -162.723 51.0583 3.06041 0.0442119 -3.13999
524.174 -162.702 51.0714 3.06032 0.0444905 -3.14016
524.324 -162.657 51.0797 3.06023 0.0448723 -3.14041
524.47 -162.603 51.084 3.06016 0.0452708 -3.14068
524.596 -162.557 51.0826 3.0601 0.0455307 -3.14085
524.731 -162.494 51.0817 3.06007 0.0457178 -3.14099
524.903 -162.371 51.0901 3.06009 0.0460041 -3.14123
524.997 -162.278 51.0953 3.06013 0.0461506 -3.14141
525.112 -162.165 51.1078 3.06017 0.0463244 3.14157
525.222 -162.043 51.1248 3.06022 0.0464906 3.14133
525.318 -161.93 51.1401 3.06027 0.0466306 3.14112
525.428 -161.805 51.1468 3.06032 0.046818 3.14085
525.571 -161.66 51.1556 3.06038 0.047117 3.14052
525.715 -161.523 51.1627 3.06043 0.0473765 3.14024
525.841 -161.392 51.1693 3.0605 0.0475503 3.14003
525.983 -161.253 51.1762 3.06058 0.0477706 3.1398
526.197 -161.011 51.1906 3.06072 0.0482057 3.13935
526.35 -160.832 51.2113 3.06081 0.0485052 3.13903
526.448 -160.735 51.2271 3.06083 0.0487461 3.13881
526.629 -160.557 51.2476 3.06089 0.0491902 3.13839
526.856 -160.334 51.2527 3.06098 0.0497324 3.13787
526.949 -160.25 51.246 3.06101 0.0499417 3.13768
527.171 -160.05 51.2387 3.0611 0.0502919 3.13734
527.318 -159.904 51.2451 3.06119 0.05054 3.1371
527.452 -159.755 51.2571 3.06129 0.0507546 3.13687
527.563 -159.627 51.2784 3.06138 0.0509212 3.13667
527.701 -159.483 51.3119 3.06147 0.0512146 3.1364
527.841 -159.326 51.3388 3.06158 0.0515424 3.13609
527.922 -159.233 51.355 3.06165 0.0517215 3.13591
528.112 -158.989 51.3626 3.06183 0.0521989 3.13542
528.234 -158.831 51.3526 3.06196 0.0524975 3.13512
528.346 -158.686 51.3318 3.06207 0.0526849 3.13491
528.461 -158.553 51.3228 3.06215 0.0528275 3.13475
528.59 -158.41 51.326 3.06221 0.0530455 3.13453
528.651 -158.346 51.3299 3.06224 0.053134 3.13444
528.771 -158.22 51.3445 3.06228 0.0532866 3.13429
528.886 -158.074 51.3482 3.06241 0.0534091 3.13414
528.961 -157.956 51.3492 3.06254 0.0535054 3.13402
529.028 -157.848 51.3454 3.06264 0.0536095 3.13386
529.086 -157.747 51.341 3.06273 0.0536907 3.13372
529.152 -157.64 51.3373 3.06283 0.0537711 3.1336
529.218 -157.527 51.3409 3.06295 0.0538371 3.1335
529.268 -157.439 51.3467 3.06305 0.0538865 3.13343
529.316 -157.339 51.3534 3.06318 0.0539334 3.13335
529.365 -157.23 51.3642 3.06332 0.0540067 3.13324
529.429 -157.09 51.3753 3.06348 0.0541491 3.13305
529.52 -156.856 51.3795 3.06376 0.0543384 3.13273
529.569 -156.692 51.3722 3.06397 0.0543987 3.13254
529.597 -156.602 51.3715 3.06409 0.0544356 3.13245
529.679 -156.376 51.3727 3.06437 0.0546214 3.13215
529.78 -156.082 51.3728 3.06472 0.0548314 3.13174
529.815 -155.971 51.3698 3.06486 0.054888 3.1316
529.93 -155.572 51.3552 3.06536 0.0550857 3.1311
529.988 -155.332 51.341 3.06567 0.0551174 3.13083
530.049 -155.108 51.3303 3.06594 0.055163 3.13058
530.137 -154.81 51.3261 3.06632 0.055314 3.13022
530.175 -154.676 51.3231 3.06649 0.055364 3.13007
530.224 -154.437 51.3192 3.06681 0.0553982 3.12981
530.281 -154.047 51.3163 3.06736 0.055481 3.12937
530.317 -153.734 51.3033 3.06783 0.0555028 3.12907
530.331 -153.47 51.2891 3.06824 0.0554588 3.12885
530.349 -153.17 51.2835 3.06869 0.0554691 3.12855
530.378 -152.859 51.2808 3.06915 0.0555067 3.12821
530.404 -152.603 51.2821 3.06951 0.0555231 3.12795
530.426 -152.291 51.2795 3.06995 0.05555 3.12761
530.436 -152.047 51.278 3.0703 0.0555359 3.12735
530.442 -151.755 51.2687 3.07072 0.0555092 3.12705
530.433 -151.465 51.2409 3.07117 0.0554197 3.1268
530.41 -151.228 51.2154 3.07156 0.0553177 3.12661
530.376 -150.965 51.2015 3.07201 0.0552182 3.12638
530.336 -150.683 51.1894 3.07249 0.0551063 3.12614
530.29 -150.456 51.1802 3.0729 0.0549981 3.12596
530.211 -150.203 51.1608 3.07337 0.054834 3.12577
530.108 -149.946 51.139 3.07387 0.0546386 3.12557
529.958 -149.614 51.1134 3.07452 0.0543693 3.12531
529.856 -149.405 51.1009 3.07493 0.0541935 3.12512
529.742 -149.183 51.0889 3.07536 0.0539927 3.12493
529.586 -148.827 51.0961 3.07603 0.0537542 3.12457
529.484 -148.563 51.1159 3.0765 0.0536139 3.12428
529.364 -148.281 51.1255 3.07703 0.0534053 3.12401
529.243 -148.046 51.1187 3.07748 0.053145 3.12383
529.137 -147.852 51.1065 3.07787 0.0529164 3.12369
529.007 -147.613 51.0911 3.07833 0.052661 3.12349
528.805 -147.258 51.0533 3.07903 0.0522892 3.12318
528.678 -147.07 51.0307 3.07942 0.0520516 3.12303
528.591 -146.948 51.0173 3.07967 0.0518996 3.12291
528.475 -146.779 51.0033 3.08001 0.0517185 3.12273
528.342 -146.553 51.004 3.08044 0.0515399 3.12247
528.26 -146.4 51.011 3.08072 0.0514378 3.12228
528.167 -146.239 51.0109 3.08103 0.0513111 3.12209
528.065 -146.074 51.0064 3.08135 0.0511676 3.12191
527.977 -145.922 51.0062 3.08164 0.0510491 3.12173
527.897 -145.776 51.0095 3.08191 0.0509459 3.12155
527.829 -145.655 51.01 3.08214 0.0508542 3.12141
527.756 -145.539 51.0042 3.08236 0.0507482 3.12128
527.666 -145.404 50.995 3.08263 0.0506166 3.12113
527.55 -145.238 50.9802 3.08296 0.0504422 3.12095
527.463 -145.12 50.9656 3.0832 0.0503067 3.12082
527.414 -145.057 50.957 3.08333 0.0502282 3.12076
527.277 -144.901 50.9312 3.08367 0.0499593 3.12064
527.186 -144.822 50.9136 3.08386 0.0497333 3.12062
527.056 -144.712 50.8929 3.08413 0.049417 3.12059
526.922 -144.606 50.8705 3.08438 0.0491108 3.12055
526.794 -144.504 50.8567 3.08463 0.0488334 3.1205
526.62 -144.377 50.8385 3.08495 0.0484866 3.12043
526.446 -144.248 50.8293 3.08528 0.0481422 3.12036
526.261 -144.12 50.8248 3.08563 0.0478066 3.12029
526.073 -143.993 50.8179 3.08597 0.0474636 3.12023
525.887 -143.857 50.8081 3.08633 0.0471503 3.12013
525.726 -143.743 50.8036 3.08663 0.046884 3.12005
525.552 -143.64 50.7964 3.08693 0.0465727 3.12
525.302 -143.517 50.7748 3.0873 0.0460783 3.11997
525.147 -143.447 50.7691 3.08753 0.0457504 3.11997
524.982 -143.373 50.7608 3.08777 0.0454132 3.11996
524.811 -143.305 50.7388 3.08799 0.0450854 3.11994
524.666 -143.263 50.7168 3.08817 0.0448163 3.11994
524.526 -143.23 50.7037 3.08833 0.0445518 3.11996
524.366 -143.201 50.6975 3.08851 0.0442691 3.12
524.148 -143.198 50.6963 3.08873 0.0438998 3.12011
523.985 -143.237 50.6961 3.08884 0.043588 3.12029
523.852 -143.286 50.6934 3.08891 0.043318 3.12045
523.699 -143.349 50.6881 3.08897 0.0429901 3.12066
523.523 -143.412 50.6745 3.08904 0.0426212 3.12087
523.299 -143.485 50.6563 3.08915 0.0421462 3.12114
523.096 -143.56 50.6378 3.08924 0.0417137 3.12139
522.866 -143.652 50.6226 3.08933 0.0412151 3.1217
522.658 -143.738 50.6119 3.08941 0.0407939 3.12197
522.455 -143.793 50.5992 3.08952 0.0404294 3.12215
522.257 -143.843 50.5943 3.08962 0.0401133 3.12228
522.257 -143.843 50.5943 3.08962 0.0401133 3.12228
522.257 -143.843 50.5943 3.08962 0.0401133 3.12228
522.163 -143.867 50.5906 3.08966 0.0399557 3.12234
521.309 -144.059 50.5481 3.09003 0.03837 3.12286
521.082 -144.134 50.5372 3.09009 0.0378291 3.1231
520.89 -144.199 50.5358 3.09015 0.0374003 3.12331
520.694 -144.27 50.5342 3.0902 0.0370213 3.12348
520.528 -144.337 50.5361 3.09024 0.0367514 3.1236
520.276 -144.467 50.5322 3.09024 0.0363755 3.12379
520.102 -144.564 50.5222 3.09024 0.0361058 3.12395
519.947 -144.652 50.5135 3.09023 0.0358817 3.12407
519.778 -144.765 50.5028 3.09018 0.0356085 3.12423
519.623 -144.866 50.4957 3.09014 0.0353618 3.12436
519.37 -145 50.481 3.09011 0.0349292 3.12455
519.18 -145.075 50.4652 3.09013 0.034518 3.12472
518.959 -145.16 50.4458 3.09015 0.0339966 3.12494
518.731 -145.24 50.4369 3.09018 0.0334589 3.12516
518.502 -145.322 50.4413 3.09021 0.0330903 3.12526
518.349 -145.412 50.4453 3.09018 0.0328681 3.12536
518.205 -145.53 50.4477 3.09009 0.0326621 3.12548
518.096 -145.629 50.4469 3.09001 0.0325079 3.12558
517.985 -145.73 50.4413 3.08994 0.0323319 3.12571
517.811 -145.894 50.4265 3.08983 0.0320326 3.12594
517.691 -146.014 50.4213 3.08975 0.0318279 3.1261
517.574 -146.108 50.4099 3.0897 0.03161 3.12625
517.429 -146.219 50.3979 3.08966 0.0313207 3.12643
517.298 -146.309 50.3865 3.08962 0.0310445 3.12659
517.099 -146.442 50.3859 3.08957 0.0306301 3.12682
516.962 -146.529 50.3943 3.08954 0.0302922 3.12701
516.832 -146.602 50.3924 3.08951 0.0299431 3.12718
516.728 -146.655 50.3954 3.08948 0.0297545 3.12724
516.613 -146.714 50.3962 3.08944 0.02961 3.12724
516.526 -146.765 50.3904 3.0894 0.0294792 3.12727
516.386 -146.862 50.3819 3.08932 0.0292622 3.12732
516.293 -146.933 50.3807 3.08926 0.0291351 3.12735
516.21 -147.013 50.3761 3.08918 0.0289818 3.12743
516.122 -147.105 50.3696 3.0891 0.0287875 3.12757
516.017 -147.209 50.3653 3.08903 0.028572 3.12773
515.896 -147.321 50.3603 3.08899 0.0283385 3.12789
515.748 -147.447 50.3491 3.08895 0.0280023 3.12814
515.599 -147.576 50.3438 3.08892 0.0276522 3.1284
515.342 -147.799 50.3459 3.08882 0.0269449 3.12893
515.187 -147.955 50.3489 3.08871 0.0265088 3.12928
515.037 -148.127 50.3459 3.08858 0.0262016 3.12958
514.897 -148.303 50.3335 3.08843 0.0259214 3.12987
514.758 -148.494 50.3227 3.08826 0.0256574 3.13016
514.632 -148.689 50.3184 3.08806 0.0254326 3.13043
514.51 -148.888 50.3214 3.08784 0.0252206 3.1307
514.404 -149.07 50.3223 3.08763 0.0250244 3.13094
514.292 -149.301 50.3321 3.08735 0.0248203 3.13123
514.174 -149.578 50.3403 3.08701 0.0246016 3.13158
514.088 -149.762 50.3393 3.08679 0.0244067 3.13185
513.948 -150.08 50.3336 3.08641 0.024106 3.13231
513.881 -150.282 50.3393 3.08616 0.024026 3.13255
513.832 -150.46 50.3479 3.08593 0.023987 3.13276
513.788 -150.613 50.349 3.08574 0.0239469 3.13293
513.748 -150.756 50.3512 3.08554 0.0239184 3.13308
513.71 -150.907 50.3519 3.08533 0.0238928 3.13323
513.68 -151.117 50.3656 3.08501 0.0239019 3.13343
513.68 -151.266 50.3827 3.08477 0.0239478 3.13355
513.699 -151.41 50.4026 3.0845 0.0240253 3.13366
513.748 -151.561 50.4175 3.0842 0.02413 3.13379
513.812 -151.724 50.4181 3.08388 0.0242297 3.13395
513.87 -151.92 50.4052 3.08352 0.0243087 3.13415
513.932 -152.176 50.3891 3.08304 0.0244009 3.13439
513.976 -152.317 50.3953 3.08277 0.024485 3.13452
514.015 -152.458 50.4029 3.08251 0.0245649 3.13463
514.019 -152.609 50.3922 3.08225 0.0245786 3.13478
513.995 -152.746 50.3709 3.08205 0.0245405 3.13492
513.958 -152.888 50.3578 3.08185 0.0244977 3.13507
513.924 -153.029 50.356 3.08165 0.0244708 3.13522
513.9 -153.185 50.3664 3.08143 0.0244728 3.13539
513.883 -153.388 50.3777 3.08111 0.0244832 3.13562
513.861 -153.627 50.379 3.08072 0.0244734 3.13592
513.827 -153.917 50.3709 3.08026 0.0244504 3.13625
513.8 -154.189 50.3671 3.07982 0.024444 3.13654
513.78 -154.445 50.3702 3.07942 0.024454 3.13681
513.76 -154.656 50.3777 3.07911 0.0244646 3.13704
513.744 -154.813 50.3912 3.07887 0.0244997 3.13718
513.748 -154.93 50.4067 3.07868 0.0245657 3.13726
513.776 -154.993 50.4229 3.07856 0.0246769 3.13728
513.795 -155.031 50.4284 3.07848 0.0247778 3.13726
513.817 -155.029 50.429 3.07845 0.0249588 3.13714
513.848 -154.991 50.4285 3.07848 0.0252352 3.13693
513.879 -154.918 50.4321 3.07857 0.0255032 3.1367
513.871 -154.815 50.4325 3.07875 0.0255819 3.13654
513.877 -154.662 50.4538 3.079 0.0257098 3.13632
513.921 -154.458 50.5087 3.07931 0.0259607 3.13599
514.017 -154.107 50.6192 3.07983 0.026353 3.13548
514.083 -153.904 50.6783 3.08011 0.0266324 3.13516
514.169 -153.661 50.7396 3.08045 0.027003 3.13475
514.269 -153.421 50.8035 3.08077 0.0274671 3.13431
514.359 -153.161 50.8903 3.08114 0.027867 3.13387
514.438 -152.861 51.021 3.08158 0.0281775 3.13344
514.504 -152.581 51.1575 3.08197 0.0284313 3.13303
514.585 -152.332 51.3038 3.08231 0.0287409 3.13264
514.698 -152.095 51.4857 3.08261 0.0291794 3.13222
514.872 -151.824 51.7435 3.08293 0.0298552 3.13167
515.099 -151.574 52.0615 3.08322 0.0306966 3.13117
515.351 -151.378 52.4029 3.08347 0.031611 3.13076
515.672 -151.181 52.8218 3.08373 0.03279 3.13029
516.194 -150.922 53.5314 3.08416 0.0346847 3.12971
516.511 -150.812 54.0335 3.0844 0.0357151 3.12958
516.84 -150.746 54.5722 3.08459 0.0367555 3.12959
517.14 -150.715 55.0792 3.08474 0.0377145 3.12967
517.417 -150.706 55.5814 3.08492 0.0386336 3.12982
517.704 -150.72 56.1273 3.0852 0.0396109 3.13006
517.944 -150.75 56.5884 3.08538 0.0404308 3.1303
518.204 -150.796 57.092 3.08552 0.0413156 3.1306
518.441 -150.836 57.5767 3.08566 0.0421345 3.1309
518.778 -150.877 58.2952 3.0859 0.0432697 3.13138
519 -150.91 58.78 3.08606 0.0439348 3.13176
519.113 -150.934 59.0442 3.08616 0.044251 3.13203
519.382 -151.001 59.7625 3.08649 0.0447874 3.13299
519.546 -151.047 60.2056 3.08669 0.0450989 3.1336
519.71 -151.097 60.6046 3.08684 0.0455357 3.13408
519.872 -151.147 60.9818 3.08696 0.0459986 3.13448
520.021 -151.195 61.3663 3.0871 0.046419 3.13491
520.144 -151.269 61.7675 3.08725 0.0466839 3.1355
520.355 -151.436 62.3851 3.08739 0.0471388 3.13647
520.492 -151.537 62.722 3.08743 0.0475663 3.1369
520.648 -151.664 63.105 3.08747 0.0480833 3.13741
520.775 -151.794 63.4383 3.08748 0.0485041 3.13789
520.908 -151.965 63.8176 3.08746 0.0489614 3.13846
521.032 -152.137 64.187 3.08743 0.0493724 3.13905
521.152 -152.274 64.5176 3.08742 0.0497659 3.13953
521.337 -152.436 64.9932 3.08745 0.0503828 3.14014
521.405 -152.48 65.1571 3.08747 0.0506098 3.14033
521.69 -152.587 65.7677 3.08758 0.0515803 3.14087
521.859 -152.633 66.1265 3.08765 0.0521214 3.14116
522.041 -152.676 66.5194 3.08774 0.0527087 3.14147
525.29 -153.384 73.2229 3.08812 0.0633252 -3.13687
525.451 -153.505 73.4063 3.08795 0.0637852 -3.13669
525.621 -153.551 73.5317 3.0878 0.0644302 -3.13683
525.773 -153.552 73.6201 3.08773 0.0651196 -3.13712
525.909 -153.516 73.6782 3.0877 0.0657928 -3.13749
525.968 -153.477 73.6788 3.08771 0.066222 -3.13778
526.041 -153.416 73.6581 3.08774 0.0668 -3.1382
526.151 -153.319 73.6066 3.08787 0.0674523 -3.13871
526.269 -153.181 73.5571 3.08812 0.0680592 -3.13922
526.376 -153.032 73.4991 3.0883 0.0686064 -3.13972
526.495 -152.76 73.3605 3.08883 0.0690061 -3.14031
526.581 -152.531 73.247 3.08934 0.0693005 -3.14077
526.719 -152 72.9522 3.09034 0.0695846 3.1415
526.754 -151.747 72.7985 3.09072 0.0695086 3.14116
526.795 -151.352 72.573 3.0913 0.069399 3.14064
526.808 -151.053 72.3982 3.09167 0.0692666 3.14023
526.815 -150.782 72.2394 3.092 0.0691291 3.13987
526.822 -150.511 72.0752 3.09232 0.0690115 3.13948
526.839 -150.204 71.9006 3.09267 0.0689642 3.13901
526.857 -149.802 71.6652 3.09313 0.0688758 3.13837
526.854 -149.547 71.5081 3.09341 0.0687109 3.13801
526.847 -149.32 71.3698 3.09366 0.0685411 3.13768
526.839 -149.003 71.1752 3.09399 0.068297 3.13721
526.828 -148.753 71.0147 3.09425 0.0680848 3.13684
526.816 -148.541 70.8728 3.09448 0.0678957 3.13653
526.804 -148.326 70.7342 3.09471 0.0677117 3.13622
526.788 -148.111 70.5906 3.09493 0.0675204 3.13589
526.773 -147.912 70.4627 3.09513 0.0673507 3.13558
526.755 -147.766 70.3594 3.09528 0.0672083 3.13534
526.738 -147.6 70.2506 3.09545 0.0670572 3.13509
526.715 -147.441 70.1357 3.09561 0.0668924 3.13484
526.686 -147.246 69.9971 3.09581 0.0666946 3.13452
526.663 -147.127 69.9064 3.09594 0.0665616 3.13433
526.644 -147 69.8147 3.09606 0.0664367 3.13412
526.627 -146.893 69.7304 3.09616 0.0663236 3.13393
526.612 -146.792 69.6496 3.09626 0.0662121 3.13377
526.598 -146.702 69.5755 3.09635 0.0661086 3.13362
526.585 -146.609 69.5017 3.09644 0.0660079 3.13348
526.573 -146.518 69.4296 3.09654 0.0659082 3.13334
526.558 -146.412 69.3438 3.09665 0.065786 3.13318
526.553 -146.377 69.3155 3.09669 0.0657458 3.13313
526.54 -146.277 69.2401 3.09679 0.065638 3.13299
526.534 -146.223 69.2002 3.09686 0.0655814 3.13291
526.53 -146.178 69.1699 3.09691 0.0655381 3.13286
526.526 -146.136 69.1416 3.09696 0.0654983 3.1328
526.524 -146.093 69.1157 3.09701 0.0654648 3.13275
526.522 -146.057 69.0936 3.09706 0.0654362 3.13271
526.522 -146.026 69.0769 3.0971 0.0654156 3.13268
526.522 -145.998 69.0612 3.09714 0.0653957 3.13265
526.522 -145.972 69.0472 3.09717 0.0653785 3.13262
526.523 -145.947 69.0358 3.09721 0.0653653 3.13259
526.524 -145.919 69.0239 3.09725 0.0653519 3.13257
526.526 -145.904 69.0188 3.09727 0.0653472 3.13256
526.528 -145.887 69.0131 3.0973 0.0653412 3.13254
526.531 -145.871 69.0094 3.09732 0.0653379 3.13253
526.534 -145.854 69.0062 3.09735 0.065335 3.13253
526.537 -145.838 69.0039 3.09738 0.0653339 3.13252
526.542 -145.816 69.0012 3.09742 0.0653326 3.13251
526.546 -145.802 69.0002 3.09745 0.0653331 3.13251
526.55 -145.787 68.9998 3.09747 0.0653343 3.13251
526.554 -145.772 68.999 3.0975 0.065335 3.1325
526.557 -145.759 68.9985 3.09752 0.0653363 3.1325
526.561 -145.745 68.9987 3.09755 0.0653385 3.1325
526.565 -145.734 68.9987 3.09757 0.0653398 3.1325
526.568 -145.722 68.9985 3.09759 0.0653418 3.1325
526.573 -145.704 68.9987 3.09763 0.0653447 3.13249
526.577 -145.693 68.9993 3.09765 0.065348 3.13249
526.579 -145.684 68.9994 3.09766 0.0653501 3.13249
526.582 -145.676 68.9995 3.09768 0.0653519 3.13249
526.585 -145.667 68.9999 3.0977 0.0653542 3.13248
526.589 -145.654 69.0007 3.09772 0.0653582 3.13248
526.592 -145.645 69.0014 3.09774 0.0653613 3.13248
526.594 -145.637 69.0018 3.09775 0.0653642 3.13248
526.597 -145.628 69.0024 3.09777 0.065367 3.13247
526.6 -145.621 69.0034 3.09778 0.065371 3.13247
526.604 -145.609 69.0048 3.0978 0.0653764 3.13247
526.607 -145.601 69.0057 3.09782 0.0653799 3.13246
526.61 -145.594 69.007 3.09783 0.0653849 3.13246
526.612 -145.587 69.0082 3.09784 0.0653899 3.13245
526.617 -145.577 69.0101 3.09786 0.0653965 3.13245
526.619 -145.569 69.0111 3.09787 0.0654003 3.13245
526.621 -145.563 69.012 3.09788 0.0654034 3.13244
526.624 -145.556 69.0131 3.0979 0.0654075 3.13244
526.626 -145.55 69.0139 3.09791 0.065411 3.13244
526.629 -145.543 69.0148 3.09792 0.0654148 3.13243
526.631 -145.538 69.0153 3.09793 0.0654172 3.13243
526.633 -145.532 69.0157 3.09794 0.0654193 3.13243
526.634 -145.527 69.016 3.09795 0.0654217 3.13243
526.637 -145.518 69.0164 3.09797 0.0654247 3.13243
526.639 -145.513 69.0167 3.09798 0.0654265 3.13242
526.641 -145.506 69.017 3.09799 0.0654286 3.13242
526.643 -145.501 69.0172 3.098 0.0654303 3.13242
526.644 -145.495 69.0174 3.09801 0.0654315 3.13242
526.646 -145.49 69.0176 3.09802 0.0654335 3.13242
526.648 -145.483 69.0177 3.09803 0.065435 3.13242
526.65 -145.476 69.0178 3.09805 0.0654363 3.13242
526.652 -145.471 69.018 3.09806 0.0654378 3.13241
526.654 -145.465 69.018 3.09807 0.0654391 3.13241
526.655 -145.459 69.018 3.09808 0.06544 3.13241
526.657 -145.453 69.0182 3.09809 0.0654411 3.13241
526.659 -145.448 69.0184 3.0981 0.0654425 3.13241
526.66 -145.443 69.0185 3.09811 0.0654435 3.13241
526.663 -145.435 69.0187 3.09812 0.0654451 3.13241
526.663 -145.432 69.0186 3.09813 0.0654453 3.13241
526.666 -145.424 69.0189 3.09815 0.0654471 3.13241
526.668 -145.417 69.019 3.09816 0.0654479 3.1324
526.669 -145.411 69.0192 3.09817 0.0654492 3.1324
526.671 -145.406 69.0194 3.09818 0.0654505 3.1324
526.673 -145.4 69.0195 3.09819 0.0654514 3.1324
526.675 -145.394 69.0196 3.0982 0.0654521 3.1324
526.676 -145.388 69.0198 3.09821 0.0654531 3.1324
526.678 -145.383 69.0201 3.09822 0.0654541 3.1324
526.68 -145.374 69.0202 3.09824 0.0654556 3.1324
526.682 -145.371 69.0204 3.09825 0.0654564 3.1324
526.684 -145.363 69.0208 3.09826 0.0654581 3.13239
526.685 -145.359 69.0209 3.09827 0.0654591 3.13239
526.687 -145.354 69.021 3.09828 0.0654598 3.13239
526.688 -145.349 69.0214 3.09829 0.0654613 3.13239
