522.787 -147.37 64.2385 3.09728 0.0565474 -3.12884
522.684 -147.448 64.0862 3.09703 0.05628 -3.12893
522.494 -147.597 63.8064 3.09655 0.0557895 -3.1291
522.352 -147.705 63.5983 3.0962 0.0554244 -3.12923
522.215 -147.808 63.3952 3.09588 0.0550663 -3.12935
521.974 -147.97 63.028 3.0954 0.0544134 -3.12954
521.81 -148.067 62.7728 3.09509 0.05396 -3.12967
521.63 -148.16 62.487 3.09479 0.0534486 -3.12982
521.4 -148.257 62.1125 3.09447 0.0527758 -3.12999
521.218 -148.33 61.811 3.09424 0.0522341 -3.13012
521.035 -148.395 61.5033 3.09402 0.0516826 -3.13026
520.79 -148.469 61.0845 3.09376 0.0509313 -3.13044
520.624 -148.51 60.7978 3.09359 0.0504158 -3.13057
520.365 -148.552 60.3377 3.09337 0.0495905 -3.13077
520.203 -148.571 60.0474 3.09325 0.0490688 -3.1309
519.944 -148.59 59.5772 3.09307 0.0482245 -3.13111
519.786 -148.598 59.2873 3.09296 0.0477055 -3.13123
519.529 -148.608 58.8124 3.0928 0.046871 -3.13144
519.365 -148.612 58.509 3.0927 0.0463415 -3.13157
519.135 -148.628 58.0825 3.09254 0.045616 -3.13175
518.993 -148.644 57.8124 3.09244 0.0451956 -3.13185
518.772 -148.678 57.3802 3.09225 0.0446034 -3.132
518.642 -148.706 57.1126 3.09213 0.0443021 -3.13208
518.468 -148.746 56.7443 3.09196 0.0439352 -3.13218
518.348 -148.764 56.505 3.09186 0.0436219 -3.13226
518.166 -148.79 56.1829 3.09171 0.0430564 -3.1324
518.042 -148.814 55.9686 3.09161 0.0426696 -3.13249
517.862 -148.849 55.6577 3.09144 0.0421104 -3.13263
517.748 -148.869 55.4606 3.09135 0.0417551 -3.13271
517.581 -148.914 55.1808 3.09118 0.0412505 -3.13283
517.473 -148.949 55.0038 3.09106 0.0409299 -3.13291
517.315 -148.999 54.743 3.09089 0.0404582 -3.13302
517.209 -149.042 54.5734 3.09076 0.0401523 -3.13309
517.064 -149.107 54.3445 3.09056 0.0397391 -3.1332
516.961 -149.155 54.1841 3.09042 0.03945 -3.13327
516.828 -149.223 53.9784 3.09022 0.0390788 -3.13336
516.722 -149.295 53.8237 3.09004 0.0388024 -3.13342
516.65 -149.35 53.721 3.0899 0.0386206 -3.13347
516.556 -149.422 53.5899 3.08972 0.0383854 -3.13353
516.497 -149.468 53.5067 3.0896 0.038235 -3.13356
516.402 -149.536 53.3713 3.08943 0.0379896 -3.13362
516.335 -149.571 53.2705 3.08933 0.0378074 -3.13367
516.249 -149.604 53.1336 3.08922 0.0375588 -3.13373
516.15 -149.629 52.9711 3.08912 0.0372624 -3.1338
516.03 -149.643 52.7693 3.08903 0.036891 -3.13389
515.892 -149.653 52.5293 3.08893 0.0364546 -3.134
515.686 -149.64 52.2528 3.08884 0.035867 -3.13414
515.298 -149.577 51.8352 3.08874 0.0348832 -3.13438
514.974 -149.503 51.5141 3.0887 0.0341629 -3.13456
514.673 -149.427 51.2382 3.08867 0.0335675 -3.13471
514.37 -149.352 50.96 3.08864 0.03301 -3.13486
514.105 -149.293 50.7117 3.0886 0.0326226 -3.13496
514.044 -149.268 50.6095 3.08861 0.0330335 -3.13489
514.084 -149.262 50.591 3.08864 0.0335969 -3.13477
514.124 -149.252 50.5889 3.08867 0.0339443 -3.13471
514.166 -149.216 50.5859 3.08874 0.0342421 -3.13465
514.169 -149.184 50.5291 3.08876 0.0345383 -3.13461
514.151 -149.173 50.4474 3.0887 0.0346595 -3.13462
514.089 -149.152 50.3156 3.08856 0.0345442 -3.13472
514.075 -149.141 50.2471 3.08845 0.0345582 -3.13477
514.08 -149.145 50.1918 3.08826 0.0346332 -3.13484
514.113 -149.15 50.1887 3.08814 0.0347297 -3.13487
514.194 -149.164 50.2175 3.08795 0.0349636 -3.13491
514.274 -149.178 50.2454 3.08776 0.0351744 -3.13494
514.35 -149.181 50.2423 3.08748 0.0353494 -3.13502
514.361 -149.167 50.2192 3.08734 0.0353523 -3.13509
514.33 -149.137 50.1514 3.08718 0.0352423 -3.1352
514.315 -149.124 50.1167 3.08711 0.0351875 -3.13525
514.302 -149.094 50.0878 3.08705 0.0351355 -3.13531
514.302 -149.074 50.0854 3.08701 0.0351284 -3.13535
514.298 -149.057 50.0833 3.08698 0.0351161 -3.13538
514.291 -149.052 50.0801 3.08697 0.0350995 -3.13539
514.279 -149.038 50.074 3.08697 0.03507 -3.1354
514.273 -149.031 50.0702 3.08697 0.0350544 -3.13541
514.26 -149.026 50.0589 3.08694 0.035022 -3.13543
514.252 -149.024 50.0464 3.08692 0.034999 -3.13544
514.243 -149.021 50.0228 3.08686 0.0349656 -3.13547
514.242 -149.023 50.0117 3.0868 0.0349598 -3.1355
514.245 -149.026 50.0009 3.08667 0.0349657 -3.13554
514.248 -149.032 49.9949 3.08659 0.0349733 -3.13557
514.256 -149.036 49.9932 3.08649 0.0349944 -3.1356
514.258 -149.036 49.99 3.08642 0.0349997 -3.13563
514.258 -149.03 49.9834 3.08631 0.0350025 -3.13568
514.267 -149.028 49.9843 3.08622 0.035026 -3.13571
514.286 -149.028 49.9896 3.08611 0.0350697 -3.13575
514.322 -149.035 49.9952 3.08596 0.0351486 -3.13579
514.354 -149.038 49.9974 3.08582 0.0352151 -3.13583
514.381 -149.041 49.9993 3.08572 0.0352707 -3.13586
514.419 -149.046 49.999 3.08559 0.0353425 -3.1359
514.441 -149.049 49.997 3.0855 0.0353847 -3.13592
514.471 -149.052 49.9962 3.08535 0.0354451 -3.13596
514.494 -149.054 50.001 3.08525 0.0354955 -3.13599
514.529 -149.061 50.0073 3.08509 0.0355742 -3.13604
514.546 -149.065 50.0082 3.085 0.0356121 -3.13607
514.572 -149.069 50.0096 3.0849 0.0356679 -3.1361
514.595 -149.072 50.014 3.08483 0.0357162 -3.13612
514.625 -149.075 50.0155 3.08475 0.0357747 -3.13614
514.643 -149.077 50.0125 3.0847 0.0358084 -3.13616
514.672 -149.082 50.0114 3.08463 0.0358625 -3.13617
514.696 -149.088 50.0168 3.08458 0.0359133 -3.13618
514.754 -149.1 50.0338 3.08447 0.0360383 -3.13618
514.828 -149.111 50.0536 3.08434 0.0361975 -3.13619
514.9 -149.119 50.0696 3.08426 0.0363503 -3.13619
514.995 -149.131 50.0863 3.08416 0.0365557 -3.13619
515.191 -149.157 50.1152 3.08402 0.0369938 -3.13616
515.365 -149.175 50.1387 3.08392 0.0373939 -3.13613
515.532 -149.189 50.1639 3.08382 0.0378109 -3.13608
515.72 -149.203 50.1886 3.08376 0.0382531 -3.13602
516.002 -149.225 50.2222 3.08375 0.0389007 -3.13591
516.199 -149.241 50.2407 3.08376 0.039343 -3.13582
516.44 -149.264 50.2625 3.08378 0.039911 -3.13571
516.677 -149.289 50.2827 3.0838 0.0404794 -3.1356
517.079 -149.335 50.3162 3.08384 0.041297 -3.13543
517.346 -149.369 50.3424 3.08387 0.0417706 -3.13533
517.572 -149.402 50.3623 3.08391 0.0421692 -3.13524
517.914 -149.455 50.371 3.08396 0.0427502 -3.13511
518.178 -149.486 50.3807 3.08401 0.0432575 -3.13501
518.427 -149.513 50.3898 3.08405 0.0437676 -3.13491
518.801 -149.57 50.3987 3.08407 0.0444361 -3.13478
519.023 -149.593 50.4128 3.08409 0.0448734 -3.1347
519.385 -149.614 50.4351 3.08416 0.0455878 -3.13456
519.612 -149.636 50.4431 3.0842 0.0459947 -3.13449
519.89 -149.656 50.4559 3.08426 0.046539 -3.13438
520.254 -149.675 50.48 3.08434 0.0472014 -3.13426
520.507 -149.697 50.4944 3.08437 0.0477337 -3.13415
520.754 -149.719 50.508 3.0844 0.0482539 -3.13406
521.118 -149.743 50.5319 3.08442 0.0489771 -3.13393
521.36 -149.759 50.544 3.08441 0.0494258 -3.13385
521.621 -149.791 50.5614 3.08438 0.049945 -3.13376
521.971 -149.831 50.5605 3.08438 0.0505965 -3.13364
522.197 -149.855 50.5673 3.0844 0.0510493 -3.13355
522.465 -149.891 50.5767 3.0844 0.0516399 -3.13345
522.862 -149.955 50.5924 3.08437 0.0525659 -3.13329
523.095 -149.985 50.6067 3.08435 0.0531067 -3.1332
523.466 -150.036 50.6192 3.08431 0.0538413 -3.13309
523.671 -150.067 50.6249 3.08429 0.0542363 -3.13304
523.973 -150.1 50.6349 3.08425 0.054784 -3.13296
524.187 -150.127 50.641 3.08424 0.0552063 -3.1329
524.483 -150.151 50.6417 3.08424 0.0557443 -3.13283
524.651 -150.156 50.643 3.08425 0.056076 -3.13279
524.821 -150.162 50.6397 3.08426 0.0563677 -3.13275
525.12 -150.168 50.6332 3.08429 0.0568913 -3.13269
525.305 -150.166 50.645 3.08433 0.0572347 -3.13264
525.521 -150.175 50.6611 3.08433 0.0576833 -3.13258
525.71 -150.183 50.6645 3.08432 0.0580575 -3.13254
526.007 -150.201 50.6864 3.08429 0.0587105 -3.13245
526.18 -150.22 50.6982 3.08426 0.0591271 -3.13239
526.376 -150.248 50.7093 3.08422 0.0596258 -3.13232
526.683 -150.275 50.7196 3.0842 0.0603629 -3.13221
526.91 -150.291 50.7239 3.08421 0.0609552 -3.13211
527.08 -150.308 50.7188 3.08423 0.0613785 -3.13204
527.378 -150.328 50.7073 3.08429 0.0620395 -3.13192
527.562 -150.321 50.699 3.08437 0.0623364 -3.13187
527.689 -150.306 50.6857 3.08444 0.0625227 -3.13184
527.832 -150.28 50.6573 3.08454 0.0627298 -3.1318
527.931 -150.251 50.656 3.08463 0.0628822 -3.13178
528.07 -150.216 50.687 3.08475 0.0631184 -3.13173
528.142 -150.19 50.7047 3.08483 0.0632375 -3.1317
528.198 -150.149 50.7116 3.08493 0.0633141 -3.13168
528.267 -150.088 50.7172 3.08508 0.0634029 -3.13166
528.32 -150.061 50.7218 3.08515 0.0634795 -3.13165
528.44 -150.028 50.7267 3.08526 0.063729 -3.13159
528.523 -150.012 50.7311 3.08533 0.0639333 -3.13155
528.677 -150.008 50.7509 3.08542 0.0642896 -3.13147
528.793 -150.007 50.7686 3.08548 0.0645262 -3.13142
528.95 -150.004 50.795 3.08555 0.0649065 -3.13134
529.108 -150.003 50.8036 3.08564 0.0652916 -3.13126
529.217 -150.002 50.7808 3.08569 0.065457 -3.13122
529.304 -149.973 50.7062 3.08578 0.0655169 -3.13121
529.328 -149.95 50.6623 3.08583 0.0655037 -3.13121
529.325 -149.941 50.6393 3.08585 0.0654722 -3.13122
529.313 -149.939 50.6246 3.08584 0.0654315 -3.13123
529.312 -149.943 50.629 3.08584 0.0654269 -3.13123
529.301 -149.949 50.6347 3.08582 0.0654033 -3.13123
529.267 -149.951 50.6274 3.0858 0.065328 -3.13125
529.211 -149.944 50.6132 3.08579 0.0652208 -3.13127
529.105 -149.92 50.6096 3.08579 0.0650338 -3.13131
529.036 -149.902 50.6262 3.08579 0.0649283 -3.13133
528.921 -149.871 50.6566 3.08579 0.064754 -3.13137
528.835 -149.846 50.6734 3.0858 0.0646058 -3.1314
528.75 -149.821 50.6813 3.0858 0.0644434 -3.13144
528.637 -149.794 50.6753 3.08582 0.0642148 -3.13148
528.586 -149.781 50.6664 3.08586 0.0641068 -3.13148
528.526 -149.768 50.6473 3.08594 0.0639752 -3.13147
528.502 -149.764 50.6429 3.08599 0.0639246 -3.13145
528.501 -149.765 50.6474 3.08602 0.0639235 -3.13144
528.503 -149.765 50.6515 3.08603 0.0639306 -3.13143
528.505 -149.767 50.6544 3.08603 0.063938 -3.13143
528.505 -149.767 50.6541 3.08603 0.0639374 -3.13143
528.504 -149.768 50.6529 3.08604 0.0639347 -3.13143
528.504 -149.768 50.6514 3.08604 0.0639311 -3.13143
528.5 -149.767 50.6493 3.08605 0.0639133 -3.13143
528.49 -149.765 50.6442 3.08606 0.063868 -3.13143
528.46 -149.759 50.631 3.08609 0.0637536 -3.13144
528.429 -149.755 50.6171 3.08611 0.0636498 -3.13145
528.395 -149.753 50.6028 3.08613 0.0635545 -3.13145
528.346 -149.746 50.5847 3.08617 0.0634172 -3.13146
528.309 -149.74 50.573 3.08619 0.0633138 -3.13147
528.283 -149.74 50.5658 3.08622 0.0632406 -3.13146
528.282 -149.742 50.5732 3.08626 0.0632217 -3.13145
528.283 -149.744 50.5872 3.0863 0.0632042 -3.13143
528.276 -149.746 50.6212 3.08638 0.0631393 -3.1314
528.26 -149.745 50.6423 3.08644 0.0630708 -3.13138
528.234 -149.742 50.6607 3.08651 0.0629932 -3.13136
528.177 -149.731 50.6877 3.08664 0.0628407 -3.13134
528.125 -149.72 50.7061 3.08675 0.0626812 -3.13134
528.063 -149.707 50.717 3.08685 0.0625135 -3.13134
527.978 -149.694 50.7367 3.08694 0.0622867 -3.13135
527.887 -149.688 50.7766 3.08699 0.0620565 -3.13137
527.796 -149.698 50.8437 3.087 0.0618721 -3.13139
527.722 -149.724 50.9255 3.08698 0.061787 -3.13139
527.596 -149.771 51.0689 3.08704 0.061648 -3.13135
527.494 -149.801 51.18 3.08715 0.061516 -3.13132
527.38 -149.852 51.4278 3.08732 0.0614874 -3.13122
527.335 -149.875 51.6208 3.08741 0.0615339 -3.13115
527.262 -149.896 51.9442 3.08752 0.0615502 -3.13107
527.173 -149.904 52.2108 3.08764 0.0614358 -3.13103
527.091 -149.919 52.4851 3.08778 0.0613947 -3.13096
526.994 -149.966 52.9594 3.08791 0.0614952 -3.13085
526.946 -149.997 53.3576 3.08794 0.0616651 -3.13077
526.849 -150.015 53.9228 3.08799 0.0617504 -3.13069
526.763 -150.026 54.318 3.08805 0.0616495 -3.13067
526.642 -150.035 54.7241 3.08804 0.0615373 -3.13067
526.528 -150.046 55.3474 3.08799 0.0617486 -3.13061
526.417 -150.029 55.723 3.08797 0.0618373 -3.13058
526.3 -150.004 56.1881 3.08796 0.0620102 -3.13054
526.215 -149.987 56.539 3.08795 0.0621533 -3.1305
526.138 -149.963 57.1579 3.08797 0.0625676 -3.1304
526.116 -149.946 57.5366 3.088 0.0628392 -3.13033
526.126 -149.939 58.1082 3.08799 0.0633539 -3.13022
526.152 -149.931 58.4772 3.08795 0.0637362 -3.13016
526.23 -149.929 58.947 3.08792 0.0642709 -3.13008
526.267 -149.916 59.2643 3.0879 0.0645558 -3.13004
526.299 -149.901 59.5613 3.0879 0.0647891 -3.13
526.352 -149.876 59.9523 3.08794 0.0651445 -3.12993
526.402 -149.864 60.1819 3.08796 0.0654244 -3.12988
526.528 -149.859 60.5541 3.08802 0.0659511 -3.12976
526.628 -149.846 60.8209 3.08809 0.066311 -3.12968
526.78 -149.827 61.1829 3.0882 0.0668092 -3.12956
526.904 -149.815 61.4568 3.08829 0.0671519 -3.12948
527.012 -149.814 61.6847 3.08835 0.0674543 -3.1294
527.148 -149.813 61.9729 3.08842 0.0678282 -3.12932
527.312 -149.822 62.3133 3.0885 0.0683115 -3.1292
527.441 -149.834 62.5796 3.08855 0.0687026 -3.1291
527.564 -149.85 62.8202 3.08859 0.0691239 -3.129
527.691 -149.871 63.0567 3.08862 0.069559 -3.1289
527.817 -149.894 63.2763 3.08864 0.0699765 -3.12881
527.957 -149.919 63.5209 3.08867 0.0704426 -3.1287
528.152 -149.96 63.8515 3.08868 0.0710848 -3.12856
528.288 -149.996 64.0574 3.08866 0.0715162 -3.12847
528.511 -150.047 64.3544 3.08863 0.0721793 -3.12835
531.317 -150.388 66.3377 3.0894 0.079672 -3.12669
531.419 -150.386 66.3295 3.08945 0.079874 -3.12665
531.557 -150.391 66.2884 3.08951 0.0801114 -3.1266
531.65 -150.391 66.2467 3.08954 0.0802824 -3.12657
531.789 -150.38 66.1602 3.0896 0.0805741 -3.12652
531.864 -150.371 66.0797 3.08961 0.0807462 -3.1265
531.944 -150.353 65.9596 3.08962 0.0808801 -3.12651
531.996 -150.341 65.8555 3.08961 0.0809471 -3.12652
532.056 -150.327 65.6981 3.0896 0.0809928 -3.12655
532.084 -150.32 65.5799 3.08959 0.0810295 -3.12656
532.128 -150.314 65.4 3.08959 0.0811557 -3.12655
532.132 -150.308 65.2738 3.08959 0.0811485 -3.12657
532.104 -150.293 65.0955 3.08959 0.0809794 -3.12661
532.071 -150.283 64.9573 3.08958 0.0808132 -3.12666
532.054 -150.279 64.8542 3.08957 0.0807152 -3.12668
532.033 -150.273 64.6722 3.08955 0.0805789 -3.12672
532.037 -150.274 64.5528 3.08954 0.0805548 -3.12674
532.057 -150.278 64.3855 3.08952 0.0805593 -3.12675
532.082 -150.282 64.2875 3.0895 0.0805783 -3.12676
532.123 -150.286 64.1021 3.08948 0.0805775 -3.12678
532.148 -150.289 63.978 3.08946 0.0805821 -3.1268
532.173 -150.287 63.778 3.08943 0.0806378 -3.12681
532.19 -150.281 63.6228 3.08936 0.0807076 -3.12684
532.193 -150.267 63.4775 3.08929 0.0807507 -3.12688
532.178 -150.235 63.2382 3.08916 0.0808293 -3.12694
532.139 -150.208 63.053 3.08906 0.0807553 -3.12701
532.094 -150.176 62.821 3.08898 0.080561 -3.12709
532.076 -150.161 62.6717 3.08897 0.0804265 -3.12713
532.057 -150.148 62.5036 3.08896 0.0802647 -3.12717
532.042 -150.139 62.2851 3.08894 0.0800789 -3.12722
532.058 -150.135 62.1154 3.08892 0.0800193 -3.12724
532.078 -150.13 61.9919 3.08891 0.0799795 -3.12726
532.101 -150.127 61.8853 3.08891 0.0799321 -3.12727
532.127 -150.118 61.7057 3.08892 0.0798958 -3.12729
532.152 -150.116 61.5893 3.08892 0.0799174 -3.12729
532.189 -150.115 61.4297 3.0889 0.0799645 -3.12729
532.222 -150.12 61.3165 3.08886 0.080055 -3.12727
532.248 -150.127 61.1904 3.08882 0.0801179 -3.12727
532.271 -150.133 61.0686 3.08881 0.0801568 -3.12726
532.284 -150.136 60.9419 3.0888 0.080149 -3.12727
532.294 -150.138 60.825 3.08879 0.0801093 -3.12728
532.266 -150.127 60.5883 3.08879 0.0798678 -3.12734
532.206 -150.106 60.4225 3.08879 0.0796099 -3.12741
532.063 -150.062 60.1257 3.08878 0.0790892 -3.12753
531.969 -150.035 59.9331 3.08877 0.0787501 -3.12761
531.816 -149.991 59.6164 3.08876 0.0781988 -3.12774
531.7 -149.957 59.3707 3.08875 0.0777996 -3.12784
531.606 -149.928 59.1577 3.08874 0.0774966 -3.12792
531.472 -149.887 58.8374 3.08871 0.0770658 -3.12802
531.398 -149.864 58.6308 3.0887 0.0768249 -3.12808
531.276 -149.825 58.2925 3.08867 0.0763873 -3.12819
531.217 -149.805 58.098 3.08865 0.0761724 -3.12825
531.168 -149.786 57.9105 3.08863 0.075986 -3.1283
531.105 -149.765 57.6152 3.08858 0.075703 -3.12838
531.084 -149.758 57.4506 3.08855 0.0755907 -3.12841
531.078 -149.755 57.2373 3.08851 0.0755511 -3.12843
531.088 -149.757 57.0904 3.08849 0.0755506 -3.12843
531.114 -149.759 56.9012 3.08848 0.0755878 -3.12843
531.137 -149.763 56.7858 3.08847 0.0756666 -3.12842
531.159 -149.759 56.6041 3.08846 0.0757474 -3.12842
531.174 -149.749 56.4971 3.08845 0.0757556 -3.12844
531.196 -149.733 56.3787 3.0884 0.0757651 -3.12847
531.254 -149.714 56.2308 3.08832 0.0758828 -3.1285
531.3 -149.701 56.1407 3.08827 0.0760015 -3.12851
531.347 -149.691 56.0567 3.08824 0.0761261 -3.12851
531.413 -149.685 55.9344 3.0882 0.0763067 -3.1285
531.489 -149.692 55.8596 3.08816 0.0765557 -3.12848
531.647 -149.715 55.759 3.08809 0.0770507 -3.12841
531.776 -149.733 55.6954 3.08807 0.0774856 -3.12834
531.924 -149.759 55.5889 3.08807 0.0778434 -3.12828
531.973 -149.767 55.4813 3.08807 0.0778848 -3.12828
531.991 -149.768 55.3394 3.08808 0.0778381 -3.12829
531.965 -149.759 55.1734 3.08807 0.0776779 -3.12833
531.91 -149.739 54.9341 3.08805 0.0774552 -3.1284
531.82 -149.705 54.4981 3.08794 0.0771772 -3.12852
531.794 -149.693 54.2133 3.08783 0.0771643 -3.12859
531.77 -149.684 53.8728 3.08772 0.077188 -3.12864
531.738 -149.673 53.4996 3.08766 0.0771858 -3.12868
531.652 -149.643 53.1031 3.08759 0.0768882 -3.12879
531.449 -149.574 52.4295 3.08743 0.0761952 -3.12903
531.252 -149.508 51.8727 3.08729 0.0756025 -3.12925
531.016 -149.432 51.3137 3.08719 0.0748295 -3.12948
530.767 -149.352 50.6993 3.08704 0.0739861 -3.12976
530.747 -149.341 50.4792 3.08689 0.0739019 -3.12986
530.941 -149.4 50.5254 3.08663 0.0744324 -3.12986
531.153 -149.471 50.6657 3.08647 0.0749522 -3.12981
531.381 -149.553 50.8316 3.08635 0.0755132 -3.12973
531.575 -149.619 50.9404 3.08627 0.0759545 -3.12966
531.654 -149.646 50.9609 3.08625 0.0761144 -3.12963
531.661 -149.654 50.8804 3.08622 0.076057 -3.12965
531.64 -149.666 50.8018 3.08618 0.0759597 -3.12967
531.613 -149.71 50.6898 3.08607 0.0758398 -3.12971
531.627 -149.774 50.645 3.08593 0.0758582 -3.12972
531.672 -149.853 50.6485 3.08579 0.0759782 -3.12971
531.744 -150.016 50.6822 3.08549 0.0762067 -3.12968
531.773 -150.131 50.7034 3.08529 0.0763253 -3.12966
531.769 -150.359 50.7033 3.08487 0.0764256 -3.12965
531.746 -150.496 50.6927 3.0846 0.0764421 -3.12965
531.69 -150.704 50.6634 3.08415 0.0764294 -3.12968
531.649 -150.839 50.6434 3.08383 0.0764179 -3.12971
531.589 -151.038 50.6136 3.08333 0.0764073 -3.12976
531.556 -151.173 50.6003 3.08299 0.0764284 -3.1298
531.531 -151.279 50.5898 3.0827 0.0764412 -3.12984
531.489 -151.451 50.5833 3.08229 0.0764584 -3.12988
531.463 -151.579 50.585 3.08201 0.0764862 -3.12989
531.423 -151.752 50.5873 3.08165 0.0765057 -3.1299
531.387 -151.839 50.5825 3.08148 0.0764799 -3.12991
531.298 -151.976 50.5617 3.0812 0.0763753 -3.12993
531.209 -152.053 50.5362 3.08102 0.0762448 -3.12996
531.102 -152.102 50.5041 3.08088 0.0760643 -3.13
530.885 -152.121 50.4542 3.08074 0.0755966 -3.13011
530.691 -152.094 50.4444 3.08069 0.0751007 -3.13022
530.32 -151.978 50.4541 3.0807 0.0738635 -3.13049
530.088 -151.861 50.4892 3.08078 0.0730645 -3.13066
529.891 -151.709 50.5329 3.08095 0.0725928 -3.13076
529.63 -151.415 50.5855 3.08134 0.0720593 -3.13088
529.499 -151.204 50.5909 3.08164 0.0717392 -3.13095
529.269 -150.79 50.5722 3.08224 0.0711439 -3.1311
529.163 -150.492 50.5609 3.0827 0.0708293 -3.13118
529.128 -150.152 50.5603 3.08318 0.0706536 -3.13139
529.156 -149.599 50.5948 3.08383 0.0705983 -3.13198
529.261 -148.844 50.6499 3.08458 0.0706994 -3.13303
529.392 -148.291 50.6932 3.0851 0.0708862 -3.13388
529.574 -147.729 50.748 3.08562 0.0711763 -3.13477
529.88 -146.846 50.8262 3.08646 0.0716642 -3.13618
530.057 -146.366 50.8534 3.08692 0.0719401 -3.13697
530.407 -145.594 50.9125 3.08766 0.0725162 -3.13825
530.641 -145.115 50.9474 3.08812 0.0728969 -3.13903
530.869 -144.678 50.9656 3.08855 0.073257 -3.13976
531.208 -144.045 50.948 3.08915 0.0737661 -3.14082
531.369 -143.819 50.9297 3.08936 0.0740174 -3.14122
531.629 -143.65 50.9182 3.08953 0.0744423 -3.14155
531.791 -143.711 50.9257 3.08952 0.0747434 -3.14149
531.945 -144.01 50.932 3.08942 0.075104 -3.14107
531.968 -144.308 50.919 3.08923 0.0752284 -3.14069
531.922 -144.705 50.8768 3.08891 0.0752109 -3.14021
531.795 -145.168 50.8297 3.08842 0.0750595 -3.1397
531.547 -145.909 50.7646 3.08755 0.0747506 -3.13891
531.357 -146.519 50.7353 3.08678 0.0745484 -3.13828
531.197 -147.034 50.7203 3.08611 0.074397 -3.13778
531.055 -147.5 50.7114 3.08551 0.0742678 -3.13732
530.895 -148.11 50.7106 3.08469 0.0742044 -3.13675
530.822 -148.485 50.7184 3.08417 0.0743124 -3.13642
530.796 -148.831 50.7378 3.08371 0.074546 -3.1361
530.826 -149.313 50.7866 3.08303 0.0750364 -3.13562
530.875 -149.652 50.8304 3.08251 0.0754415 -3.13528
530.968 -150.206 50.8932 3.08167 0.0760076 -3.13472
531.009 -150.561 50.8963 3.08123 0.0762257 -3.13436
531.018 -150.951 50.8746 3.08077 0.0763227 -3.13396
530.996 -151.38 50.8223 3.08028 0.0763416 -3.1335
530.975 -151.911 50.7666 3.07967 0.0763818 -3.13295
530.974 -152.221 50.7538 3.0793 0.0764484 -3.13265
530.985 -152.584 50.7644 3.07885 0.0765786 -3.13232
531.012 -152.822 50.7843 3.07856 0.0767111 -3.1321
531.062 -153.045 50.8152 3.0783 0.0768847 -3.13188
531.169 -153.337 50.8876 3.07798 0.0772094 -3.13158
531.225 -153.501 50.9205 3.07779 0.0773784 -3.13142
531.264 -153.783 50.9241 3.07745 0.0775088 -3.13117
531.224 -153.917 50.8784 3.07726 0.0773831 -3.1311
531.11 -153.983 50.7956 3.07714 0.0769078 -3.13113
530.84 -153.998 50.6585 3.07707 0.0756948 -3.13132
530.528 -153.977 50.5419 3.07707 0.0746191 -3.13148
530.315 -153.948 50.4897 3.07707 0.0739129 -3.1316
530.007 -153.873 50.4809 3.07705 0.072913 -3.13181
529.777 -153.787 50.5017 3.07706 0.0723329 -3.13197
529.402 -153.593 50.5466 3.07715 0.0714773 -3.13223
529.112 -153.423 50.5519 3.07725 0.0707903 -3.13247
528.818 -153.221 50.571 3.07737 0.0701383 -3.13274
528.319 -152.783 50.5582 3.07767 0.068945 -3.13336
528.106 -152.453 50.5572 3.07793 0.0684588 -3.13383
527.961 -152.012 50.603 3.07831 0.0681772 -3.13443
527.901 -151.543 50.6619 3.07871 0.0680575 -3.13507
527.971 -151.046 50.7374 3.07918 0.0681553 -3.13571
528.151 -150.603 50.8196 3.07965 0.0684504 -3.13626
528.468 -150.166 50.9324 3.08016 0.069123 -3.13675
528.887 -149.765 51.0344 3.08073 0.0702178 -3.13711
529.296 -149.355 51.1105 3.08131 0.0711312 -3.13753
529.769 -148.916 51.1402 3.08191 0.0720098 -3.13802
530.102 -148.626 51.1044 3.08231 0.0726116 -3.13835
530.339 -148.428 51.0542 3.08256 0.0730369 -3.1386
530.645 -148.228 50.9703 3.08282 0.0735363 -3.1389
530.817 -148.177 50.9451 3.08289 0.073825 -3.13899
531.06 -148.239 50.971 3.08282 0.0742823 -3.13894
531.197 -148.353 51.0106 3.08269 0.0745779 -3.13882
531.316 -148.5 51.0516 3.08253 0.0748568 -3.13869
531.445 -148.876 51.1153 3.0821 0.0752303 -3.13832
531.494 -149.199 51.1429 3.08174 0.0754159 -3.13797
531.54 -149.751 51.1779 3.08113 0.0756537 -3.13734
531.59 -150.17 51.2105 3.08069 0.0758621 -3.13685
531.675 -150.775 51.2491 3.08007 0.0761835 -3.13618
531.741 -151.233 51.2752 3.07961 0.0764812 -3.13566
531.789 -151.603 51.2734 3.07925 0.0767031 -3.13522
531.872 -152.106 51.2564 3.07875 0.0770532 -3.13463
531.888 -152.376 51.2194 3.07846 0.0771317 -3.13433
531.787 -152.696 51.1009 3.07806 0.0769138 -3.13402
531.67 -152.809 50.9958 3.07789 0.0766324 -3.13394
531.519 -152.834 50.8907 3.07779 0.0762926 -3.13396
531.177 -152.718 50.7486 3.07778 0.075429 -3.13419
530.92 -152.578 50.6718 3.07785 0.0746439 -3.13443
530.467 -152.167 50.5999 3.07816 0.0731313 -3.13506
530.198 -151.837 50.6294 3.07842 0.0723707 -3.13552
529.992 -151.532 50.6843 3.07865 0.0717392 -3.13595
529.704 -151.04 50.8043 3.07906 0.0709528 -3.13659
529.547 -150.709 50.8701 3.07934 0.0705746 -3.13699
529.304 -150.228 50.8845 3.07977 0.0699553 -3.13758
529.128 -149.871 50.8758 3.0801 0.0695402 -3.13801
528.99 -149.548 50.8584 3.08042 0.069171 -3.13839
528.839 -149.071 50.8379 3.08092 0.0687628 -3.13893
528.8 -148.734 50.845 3.08127 0.0686377 -3.13932
528.902 -148.316 50.9299 3.08173 0.0688171 -3.13982
529.052 -148.056 51.0141 3.08206 0.0690929 -3.14013
529.236 -147.815 51.0919 3.08238 0.0694194 -3.14039
529.507 -147.593 51.1737 3.08272 0.0699475 -3.14062
529.723 -147.523 51.2364 3.08285 0.0704711 -3.14067
529.966 -147.519 51.2846 3.08292 0.0711259 -3.14064
530.281 -147.586 51.3112 3.08292 0.0720371 -3.1405
530.446 -147.703 51.2929 3.08283 0.0725701 -3.14033
530.632 -147.985 51.2135 3.08252 0.0731784 -3.14003
530.711 -148.196 51.1558 3.08229 0.0733941 -3.13982
530.81 -148.589 51.1113 3.08184 0.0737082 -3.13941
530.851 -148.894 51.1022 3.08149 0.0738507 -3.1391
530.856 -149.192 51.0949 3.08114 0.0739269 -3.13881
530.806 -149.593 51.0866 3.08063 0.0739305 -3.13842
530.738 -149.825 51.0793 3.08032 0.0738608 -3.1382
530.635 -150.093 51.0542 3.07997 0.0737161 -3.13794
530.438 -150.476 51.0092 3.07947 0.0734328 -3.13752
530.301 -150.734 50.9886 3.07913 0.0732451 -3.13724
530.12 -151.109 50.9779 3.07866 0.0730126 -3.13681
530.018 -151.334 51.006 3.0784 0.0728824 -3.13653
529.914 -151.551 51.0501 3.07818 0.0727263 -3.13622
529.804 -151.809 51.1231 3.07793 0.0724842 -3.13586
529.743 -151.932 51.1689 3.07781 0.0723069 -3.13568
529.67 -151.98 51.1964 3.07776 0.0720135 -3.13562
529.436 -151.921 51.1653 3.07779 0.0709783 -3.13578
529.203 -151.812 51.1067 3.07788 0.0701257 -3.13597
528.85 -151.585 51.0596 3.07817 0.0690873 -3.1362
528.644 -151.377 51.0927 3.07847 0.0685393 -3.13635
528.515 -151.192 51.2023 3.07878 0.0681893 -3.13646
528.441 -151.002 51.4008 3.07911 0.068024 -3.13656
528.457 -150.811 51.7119 3.07949 0.0681956 -3.13662
528.559 -150.685 52.0682 3.0798 0.0685937 -3.13661
528.714 -150.62 52.4941 3.08005 0.0691654 -3.13653
529.133 -150.66 53.3898 3.08033 0.07064 -3.13618
529.452 -150.746 54.0203 3.08047 0.0717504 -3.13588
529.803 -150.861 54.7166 3.08059 0.0729826 -3.13553
530.453 -151.114 56.0526 3.08076 0.0753172 -3.13487
530.833 -151.274 56.8662 3.08086 0.0766837 -3.13448
531.332 -151.469 58.08 3.08105 0.0784323 -3.13398
531.639 -151.6 59.009 3.08123 0.0796072 -3.13363
531.91 -151.727 60.1338 3.08136 0.0808097 -3.1333
532.02 -151.782 60.8109 3.08139 0.0813665 -3.13314
532.091 -151.802 61.7707 3.08146 0.0818514 -3.133
532.075 -151.79 62.383 3.0815 0.082054 -3.13293
532.023 -151.767 62.9331 3.08154 0.0821926 -3.13288
531.882 -151.702 63.6947 3.08161 0.0820472 -3.13288
531.796 -151.663 64.207 3.08165 0.0819226 -3.13289
531.727 -151.634 64.6421 3.08168 0.0819194 -3.13287
531.581 -151.587 65.3129 3.08173 0.081786 -3.13286
531.415 -151.547 65.716 3.08174 0.081313 -3.13292
523.141 -145.746 64.3491 3.09242 0.0583724 -3.13707
