540.538 -12.3843 169.089 3.12937 0.0435593 3.13629
540.484 -12.3858 168.916 3.12937 0.0432389 3.1363
540.465 -12.3864 168.856 3.12937 0.0431284 3.13631
540.401 -12.388 168.655 3.12937 0.0427549 3.13632
540.358 -12.3892 168.521 3.12937 0.0425071 3.13633
540.319 -12.3902 168.396 3.12937 0.0422768 3.13634
540.279 -12.3913 168.271 3.12937 0.0420447 3.13635
540.231 -12.3925 168.121 3.12937 0.0417669 3.13636
540.187 -12.3938 167.983 3.12937 0.0415111 3.13637
540.143 -12.3949 167.847 3.12937 0.0412587 3.13638
540.102 -12.396 167.716 3.12938 0.0410176 3.13639
540.058 -12.3973 167.58 3.12938 0.0407646 3.1364
540.013 -12.3985 167.438 3.12938 0.0405025 3.13641
539.96 -12.3999 167.273 3.12938 0.0401963 3.13642
539.917 -12.401 167.137 3.12938 0.0399446 3.13643
539.872 -12.4023 166.998 3.12938 0.0396861 3.13644
539.8 -12.4042 166.773 3.12938 0.039271 3.13646
539.755 -12.4054 166.634 3.12938 0.0390127 3.13647
539.707 -12.4068 166.484 3.12938 0.0387341 3.13648
539.66 -12.408 166.338 3.12938 0.0384634 3.13649
539.609 -12.4094 166.18 3.12938 0.0381719 3.1365
539.562 -12.4106 166.033 3.12938 0.037898 3.13651
539.51 -12.412 165.873 3.12938 0.0376015 3.13653
539.467 -12.4132 165.74 3.12938 0.037356 3.13653
539.411 -12.4148 165.566 3.12938 0.0370338 3.13655
539.364 -12.4159 165.422 3.12938 0.0367654 3.13656
539.314 -12.4173 165.268 3.12938 0.0364805 3.13657
539.266 -12.4185 165.12 3.12938 0.0362062 3.13658
539.225 -12.4197 164.993 3.12938 0.0359694 3.13659
539.172 -12.421 164.829 3.12938 0.0356656 3.1366
539.111 -12.4228 164.642 3.12938 0.0353189 3.13661
539.064 -12.4242 164.499 3.12938 0.0350532 3.13663
539.015 -12.4254 164.348 3.12938 0.0347739 3.13664
538.971 -12.4264 164.211 3.12938 0.0345199 3.13665
538.925 -12.4278 164.071 3.12938 0.0342603 3.13666
538.882 -12.429 163.939 3.12939 0.0340149 3.13667
538.837 -12.4301 163.802 3.12939 0.0337597 3.13668
538.796 -12.4311 163.679 3.12939 0.0335309 3.13668
538.753 -12.4324 163.547 3.12939 0.0332862 3.13669
538.714 -12.4335 163.428 3.12939 0.0330657 3.1367
538.678 -12.4344 163.317 3.12939 0.0328595 3.13671
538.635 -12.4354 163.187 3.12939 0.0326175 3.13672
538.592 -12.4367 163.055 3.12939 0.0323737 3.13673
538.555 -12.4376 162.944 3.12939 0.0321676 3.13674
538.514 -12.4388 162.818 3.12939 0.0319329 3.13675
538.459 -12.4403 162.652 3.12939 0.0316248 3.13676
538.421 -12.4413 162.538 3.12939 0.0314118 3.13677
538.383 -12.4423 162.422 3.12939 0.0311965 3.13678
538.35 -12.4432 162.321 3.12939 0.0310092 3.13678
538.314 -12.4441 162.214 3.12939 0.03081 3.13679
538.282 -12.4451 162.115 3.12939 0.0306259 3.1368
538.249 -12.446 162.014 3.12939 0.0304388 3.13681
538.207 -12.4469 161.889 3.12939 0.0302073 3.13681
538.176 -12.4479 161.796 3.12939 0.0300336 3.13682
538.14 -12.449 161.686 3.12939 0.0298295 3.13683
538.107 -12.4498 161.587 3.12939 0.0296465 3.13684
538.071 -12.4507 161.479 3.12939 0.0294448 3.13684
538.035 -12.4517 161.371 3.12939 0.0292439 3.13685
538.001 -12.4527 161.268 3.12939 0.029052 3.13686
537.956 -12.4539 161.134 3.12939 0.0288033 3.13687
537.923 -12.4547 161.034 3.12939 0.0286179 3.13688
537.889 -12.4557 160.931 3.12939 0.028426 3.13688
537.854 -12.4565 160.826 3.12939 0.0282297 3.13689
537.821 -12.4575 160.728 3.12939 0.0280484 3.1369
537.785 -12.4586 160.619 3.12939 0.0278466 3.13691
537.749 -12.4594 160.512 3.12939 0.0276468 3.13692
537.714 -12.4602 160.407 3.12939 0.0274513 3.13692
537.678 -12.4613 160.299 3.12939 0.0272505 3.13693
537.643 -12.4622 160.196 3.12939 0.0270584 3.13694
537.592 -12.4636 160.043 3.12939 0.0267741 3.13695
537.561 -12.4645 159.951 3.12939 0.0266027 3.13696
537.528 -12.4654 159.851 3.12939 0.0264166 3.13696
537.49 -12.4663 159.739 3.12939 0.0262078 3.13697
537.452 -12.4674 159.625 3.12939 0.0259967 3.13698
537.413 -12.4685 159.508 3.12939 0.0257794 3.13699
537.376 -12.4694 159.399 3.1294 0.0255754 3.137
537.334 -12.4706 159.274 3.1294 0.0253431 3.13701
537.297 -12.4716 159.163 3.1294 0.0251367 3.13701
537.257 -12.4725 159.045 3.1294 0.0249173 3.13702
537.206 -12.474 158.893 3.1294 0.0246347 3.13703
537.17 -12.4749 158.788 3.1294 0.0244377 3.13704
537.127 -12.4761 158.661 3.1294 0.0242023 3.13705
537.09 -12.4771 158.549 3.1294 0.0239936 3.13706
537.048 -12.4785 158.426 3.1294 0.0237632 3.13707
537.004 -12.4796 158.295 3.1294 0.0235204 3.13708
536.961 -12.4807 158.169 3.1294 0.0232854 3.13709
536.918 -12.4817 158.044 3.1294 0.0230519 3.13709
536.87 -12.4831 157.9 3.1294 0.0227848 3.13711
536.829 -12.4841 157.781 3.1294 0.0225634 3.13711
536.77 -12.4857 157.607 3.1294 0.0222391 3.13713
536.743 -12.4864 157.528 3.1294 0.022091 3.13713
536.697 -12.4877 157.393 3.1294 0.0218401 3.13714
536.653 -12.4889 157.261 3.1294 0.0215942 3.13715
536.612 -12.4901 157.143 3.1294 0.0213735 3.13716
536.545 -12.4917 156.945 3.1294 0.0210054 3.13717
536.499 -12.4929 156.811 3.1294 0.0207545 3.13718
536.454 -12.4941 156.681 3.1294 0.0205126 3.13719
536.415 -12.4953 156.565 3.1294 0.0202953 3.1372
536.372 -12.4965 156.439 3.1294 0.0200604 3.13721
536.332 -12.4975 156.324 3.1294 0.0198456 3.13722
536.278 -12.499 156.167 3.1294 0.019553 3.13723
536.233 -12.5003 156.034 3.1294 0.0193048 3.13724
536.19 -12.5014 155.909 3.1294 0.019073 3.13725
536.146 -12.5024 155.781 3.1294 0.0188333 3.13726
536.105 -12.5036 155.663 3.1294 0.0186145 3.13727
536.059 -12.5048 155.53 3.1294 0.0183648 3.13728
536.002 -12.5065 155.362 3.1294 0.0180528 3.13729
535.96 -12.5074 155.243 3.1294 0.0178299 3.1373
535.92 -12.5085 155.126 3.1294 0.0176114 3.13731
535.877 -12.5098 154.999 3.1294 0.0173753 3.13732
535.84 -12.5109 154.895 3.1294 0.0171798 3.13732
535.801 -12.5119 154.781 3.1294 0.0169678 3.13733
535.757 -12.5131 154.654 3.1294 0.0167305 3.13734
535.718 -12.5139 154.542 3.1294 0.016521 3.13735
535.677 -12.5151 154.424 3.1294 0.0163005 3.13736
535.644 -12.516 154.328 3.1294 0.0161221 3.13737
535.606 -12.5171 154.219 3.1294 0.0159171 3.13737
535.573 -12.518 154.124 3.1294 0.0157409 3.13738
535.521 -12.5193 153.974 3.1294 0.01546 3.13739
535.491 -12.5201 153.886 3.1294 0.0152969 3.1374
535.458 -12.521 153.791 3.1294 0.0151193 3.13741
535.422 -12.5221 153.69 3.1294 0.014931 3.13741
535.389 -12.5229 153.594 3.1294 0.0147512 3.13742
535.354 -12.5238 153.493 3.1294 0.0145622 3.13743
535.321 -12.5247 153.399 3.1294 0.0143867 3.13743
535.276 -12.526 153.272 3.1294 0.0141484 3.13744
535.246 -12.5268 153.186 3.1294 0.0139875 3.13745
535.217 -12.5274 153.103 3.1294 0.0138332 3.13746
535.194 -12.5281 153.037 3.1294 0.0137092 3.13746
535.168 -12.5289 152.962 3.1294 0.0135694 3.13747
535.14 -12.5295 152.88 3.1294 0.0134166 3.13747
535.112 -12.5301 152.801 3.1294 0.0132684 3.13748
535.083 -12.5312 152.72 3.1294 0.0131173 3.13748
535.045 -12.5322 152.61 3.1294 0.0129112 3.13749
535.019 -12.5327 152.536 3.1294 0.0127743 3.1375
534.994 -12.5334 152.465 3.12941 0.0126408 3.1375
534.966 -12.5344 152.384 3.1294 0.0124885 3.13751
534.94 -12.535 152.311 3.1294 0.0123527 3.13751
534.91 -12.5358 152.225 3.12941 0.0121913 3.13752
534.883 -12.5363 152.149 3.12941 0.0120495 3.13753
534.86 -12.5371 152.081 3.12941 0.0119236 3.13753
534.842 -12.5377 152.034 3.1294 0.0118342 3.13753
534.818 -12.5383 151.964 3.12941 0.0117033 3.13754
534.798 -12.5387 151.907 3.12941 0.011597 3.13754
534.776 -12.5393 151.844 3.12941 0.0114798 3.13755
534.747 -12.5402 151.763 3.12941 0.0113279 3.13755
534.726 -12.5408 151.701 3.12941 0.0112125 3.13756
534.704 -12.5411 151.639 3.12941 0.0110954 3.13756
534.683 -12.5371 151.583 3.12941 0.010989 3.13756
534.667 -12.5205 151.536 3.12944 0.0109013 3.13756
534.66 -12.4592 151.516 3.12956 0.0108619 3.13756
534.661 -12.3843 151.512 3.1297 0.0108553 3.13757
534.666 -12.3071 151.513 3.12984 0.0108616 3.13756
534.669 -12.2281 151.515 3.12999 0.0108651 3.13757
534.67 -12.1537 151.515 3.13013 0.0108647 3.13757
534.671 -12.1027 151.514 3.13023 0.0108632 3.13757
534.672 -12.0264 151.513 3.13037 0.0108613 3.13757
534.671 -11.9969 151.506 3.13042 0.0108496 3.13757
534.669 -12.0001 151.503 3.13042 0.0108431 3.13757
534.667 -12.032 151.5 3.13037 0.0108372 3.13758
534.66 -12.102 151.484 3.13024 0.0108068 3.13759
534.646 -12.2453 151.454 3.12997 0.0107518 3.1376
534.619 -12.4697 151.395 3.12956 0.0106387 3.13761
534.583 -12.7355 151.31 3.12906 0.0104803 3.13763
534.535 -13.0739 151.194 3.12844 0.0102667 3.13764
534.481 -13.4674 151.066 3.12771 0.0100287 3.13768
534.425 -13.871 150.934 3.12699 0.0097826 3.13777
534.329 -14.6521 150.711 3.12565 0.00936944 3.13811
534.257 -15.3189 150.549 3.12454 0.00906735 3.13849
534.168 -16.0988 150.355 3.12325 0.00870195 3.13896
534.077 -16.8778 150.167 3.12198 0.00834475 3.13948
533.989 -17.7 149.996 3.12064 0.00801652 3.14004
533.889 -18.7067 149.814 3.11901 0.00766668 3.14076
533.777 -19.8779 149.615 3.11713 0.00728503 -3.14156
533.674 -20.9291 149.433 3.11545 0.00694042 -3.14077
533.535 -22.4025 149.201 3.11311 0.00649932 -3.13963
533.402 -23.8451 148.976 3.11082 0.00608786 -3.13849
533.279 -25.3156 148.746 3.10851 0.00569162 -3.13729
533.208 -27.051 148.448 3.10579 0.00541914 -3.13584
533.484 -28.7028 148.129 3.10327 0.00614427 -3.1344
534.646 -31.2277 147.618 3.09959 0.0095824 -3.13212
535.939 -33.1917 147.198 3.09682 0.0135486 -3.13029
537.429 -35.1369 146.759 3.09416 0.0181524 -3.12845
539.317 -37.2987 146.186 3.09132 0.0239733 -3.12633
541.145 -39.2082 145.698 3.08912 0.0296631 -3.12427
543.439 -41.5291 145.072 3.08716 0.0368048 -3.12135
545.915 -44.1279 144.386 3.08553 0.0446368 -3.11777
548.161 -46.6443 143.683 3.0844 0.0518307 -3.11406
550.202 -49.0942 142.966 3.08371 0.0584546 -3.11021
551.855 -51.2655 142.28 3.08332 0.0639813 -3.10665
553.656 -53.8943 141.401 3.08321 0.0701711 -3.10212
555.214 -56.5215 140.405 3.08333 0.0757044 -3.09746
556.494 -58.9058 139.457 3.0836 0.0803137 -3.09318
557.599 -61.2849 138.472 3.08394 0.0844636 -3.08889
558.907 -64.7767 136.941 3.08458 0.0896708 -3.08253
559.605 -67.009 135.867 3.085 0.0925153 -3.07848
560.35 -69.3956 134.767 3.08552 0.0954941 -3.07412
561.2 -72.1882 133.453 3.08612 0.0987853 -3.06906
561.879 -74.4674 132.387 3.08675 0.10135 -3.06484
562.345 -76.1018 131.597 3.08724 0.103043 -3.06181
563.11 -78.8472 130.285 3.08818 0.105781 -3.05665
563.953 -82.4144 128.612 3.08945 0.108779 -3.04993
564.429 -84.8134 127.481 3.09035 0.110416 -3.04539
564.83 -87.0534 126.382 3.09127 0.111746 -3.0411
565.213 -89.3477 125.225 3.09223 0.112937 -3.03668
565.575 -91.636 124.012 3.09335 0.113933 -3.03218
565.947 -93.7706 122.833 3.09442 0.114833 -3.02798
566.34 -95.8611 121.657 3.09553 0.115691 -3.02383
566.743 -97.8199 120.59 3.09665 0.116575 -3.01992
567.099 -99.5687 119.651 3.09771 0.117344 -3.0164
567.566 -101.837 118.466 3.09915 0.118329 -3.01183
567.894 -103.678 117.47 3.10039 0.118942 -3.00808
568.228 -105.703 116.345 3.10191 0.11949 -3.00386
568.509 -107.735 115.191 3.10351 0.119903 -2.99959
568.746 -109.696 114.069 3.10517 0.120173 -2.9954
569.094 -111.962 112.835 3.10728 0.12066 -2.99045
569.474 -114.147 111.683 3.10944 0.12121 -2.98564
569.871 -116.217 110.628 3.11161 0.121797 -2.98102
570.305 -118.317 109.535 3.11393 0.122447 -2.97629
570.727 -120.266 108.496 3.11617 0.123056 -2.97187
571.131 -122.181 107.44 3.1184 0.123596 -2.96755
571.482 -123.975 106.414 3.1205 0.124002 -2.96351
572.037 -126.52 104.986 3.12372 0.124645 -2.95765
572.191 -127.316 104.523 3.12475 0.124784 -2.95581
572.752 -129.973 102.988 3.12829 0.125381 -2.94964
573.097 -131.623 102.001 3.13058 0.125721 -2.94577
573.261 -132.52 101.458 3.13177 0.12585 -2.9437
573.551 -134.149 100.412 3.13405 0.126009 -2.93989
573.774 -135.681 99.3399 3.13622 0.126008 -2.93628
573.937 -137.06 98.304 3.13825 0.125854 -2.93301
574.13 -138.428 97.1973 3.14041 0.125734 -2.92968
574.322 -139.628 96.2324 -3.14086 0.125691 -2.92677
574.567 -140.889 95.2203 -3.13889 0.125798 -2.92376
574.795 -141.969 94.3222 -3.13716 0.125928 -2.92117
575.066 -143.024 93.3955 -3.13541 0.126162 -2.91864
575.346 -143.907 92.5807 -3.13392 0.126509 -2.91653
575.682 -144.874 91.6536 -3.13223 0.126979 -2.91422
575.947 -145.697 90.7817 -3.13081 0.127283 -2.91228
576.209 -146.511 89.8556 -3.12949 0.127595 -2.91041
576.452 -147.322 88.9114 -3.12815 0.127846 -2.90853
576.582 -148.024 88.0597 -3.12703 0.127861 -2.90693
576.675 -148.73 87.1628 -3.12599 0.127767 -2.90535
576.766 -149.371 86.3015 -3.12508 0.127698 -2.90396
576.828 -149.94 85.4779 -3.12437 0.127599 -2.90279
576.837 -150.264 85.0046 -3.12396 0.127489 -2.90212
576.855 -151.022 83.7693 -3.12291 0.127164 -2.9005
576.874 -151.444 82.9779 -3.12228 0.126982 -2.8996
576.916 -151.843 82.1523 -3.12172 0.126859 -2.89878
576.958 -152.269 81.279 -3.12114 0.12672 -2.8979
576.995 -152.598 80.54 -3.12065 0.126596 -2.89722
577.033 -152.887 79.8863 -3.12019 0.12648 -2.89659
577.084 -153.2 79.0984 -3.11961 0.126315 -2.89588
577.13 -153.439 78.4709 -3.11917 0.126192 -2.89534
577.197 -153.681 77.8894 -3.11877 0.126175 -2.89482
577.252 -153.974 77.2459 -3.11834 0.126112 -2.89422
577.268 -154.274 76.6445 -3.11794 0.125955 -2.89359
577.289 -154.573 76.1438 -3.11759 0.125869 -2.893
577.21 -154.952 75.4759 -3.11726 0.125472 -2.89231
577.136 -155.292 74.9382 -3.11703 0.1252 -2.89173
576.953 -155.642 74.3675 -3.11698 0.124645 -2.89119
576.72 -155.995 73.8292 -3.11712 0.124072 -2.89075
576.441 -156.386 73.183 -3.11737 0.123439 -2.89033
576.136 -156.787 72.5782 -3.11772 0.122748 -2.88996
575.797 -157.226 71.8705 -3.1181 0.121983 -2.88954
575.464 -157.681 71.1923 -3.11848 0.121271 -2.8891
575.158 -158.091 70.5144 -3.1188 0.12056 -2.88868
574.998 -158.465 69.972 -3.11901 0.120274 -2.88826
574.878 -158.824 69.4243 -3.11916 0.120048 -2.88783
574.848 -159.222 68.8909 -3.11925 0.12009 -2.88733
574.893 -159.629 68.3508 -3.11926 0.120268 -2.88677
574.992 -160.008 67.8826 -3.11917 0.12055 -2.88618
575.113 -160.337 67.4749 -3.119 0.120874 -2.88565
575.285 -160.683 67.0828 -3.11874 0.121351 -2.88503
575.437 -160.97 66.7508 -3.11842 0.121741 -2.88446
575.598 -161.282 66.4281 -3.11803 0.122139 -2.88383
575.8 -161.585 66.0879 -3.11755 0.122646 -2.88318
576.023 -161.96 65.7008 -3.11707 0.123217 -2.88245
576.072 -162.088 65.5629 -3.11695 0.123341 -2.88221
576.179 -162.386 65.2896 -3.11671 0.123648 -2.8817
576.197 -162.742 64.9334 -3.11662 0.1237 -2.88116
576.144 -162.993 64.6675 -3.11669 0.123563 -2.88083
576.11 -163.216 64.4166 -3.1168 0.123508 -2.88058
576.051 -163.424 64.1918 -3.11695 0.123382 -2.88037
575.949 -163.663 63.9508 -3.11715 0.123125 -2.88012
575.881 -163.851 63.7681 -3.11729 0.122966 -2.87991
575.814 -164.01 63.5919 -3.11741 0.122795 -2.87973
575.736 -164.157 63.4536 -3.11755 0.122597 -2.87957
575.669 -164.297 63.3348 -3.11767 0.122433 -2.87942
575.606 -164.423 63.254 -3.11781 0.122285 -2.87929
575.548 -164.555 63.2113 -3.11795 0.122166 -2.87915
575.526 -164.659 63.2257 -3.11806 0.122155 -2.87903
575.533 -164.759 63.2691 -3.11816 0.122208 -2.87891
575.574 -164.857 63.3522 -3.11825 0.122339 -2.87879
575.626 -164.947 63.4721 -3.11833 0.122526 -2.87867
575.683 -165.017 63.6217 -3.1184 0.122757 -2.87857
575.768 -165.069 63.8189 -3.11845 0.123084 -2.8785
575.929 -165.094 64.1431 -3.11847 0.123651 -2.87846
575.987 -165.093 64.2588 -3.11847 0.123854 -2.87846
576.201 -165.071 64.6957 -3.11845 0.124616 -2.87846
576.363 -165.055 65.0288 -3.11843 0.125195 -2.87846
576.574 -165.023 65.4659 -3.11839 0.125941 -2.87847
576.809 -164.961 66.0179 -3.11836 0.12678 -2.8785
577.033 -164.866 66.556 -3.11835 0.127568 -2.87858
577.428 -164.702 67.3462 -3.11833 0.128836 -2.87874
577.831 -164.504 68.1082 -3.11831 0.130047 -2.87897
578.249 -164.273 68.9027 -3.11828 0.131304 -2.87922
578.691 -163.962 69.7969 -3.11825 0.132639 -2.87959
579.104 -163.574 70.8877 -3.11836 0.133923 -2.88011
579.456 -163.172 71.9318 -3.1185 0.135057 -2.88069
579.922 -162.488 73.6512 -3.11887 0.136689 -2.88173
580.18 -161.858 74.985 -3.11924 0.137696 -2.88269
580.318 -161.335 75.9988 -3.11955 0.138305 -2.88351
580.41 -160.644 77.2703 -3.12007 0.138883 -2.88467
580.413 -159.731 78.7861 -3.12094 0.139329 -2.8863
580.341 -158.847 80.1448 -3.12188 0.139536 -2.88795
580.208 -158.003 81.4915 -3.12291 0.139597 -2.88958
580.032 -157.006 83.0602 -3.12423 0.139651 -2.8916
579.86 -156.093 84.4477 -3.12536 0.139653 -2.89341
579.588 -154.982 85.9378 -3.12672 0.139409 -2.89563
579.246 -153.69 87.6501 -3.12825 0.139005 -2.89818
578.949 -152.457 89.1572 -3.12954 0.138648 -2.90055
578.678 -151.075 90.8337 -3.13082 0.13841 -2.90314
578.425 -149.515 92.7865 -3.13232 0.138372 -2.90613
578.14 -147.812 94.7035 -3.13366 0.138191 -2.90924
577.899 -146.128 96.4335 -3.13484 0.138039 -2.9123
577.705 -144.232 98.2791 -3.13607 0.138069 -2.91573
577.535 -142.284 100.204 -3.1373 0.138251 -2.91927
577.383 -140.364 102.112 -3.13851 0.138511 -2.92279
577.278 -139.359 103.025 -3.13907 0.138541 -2.9246
576.969 -136.185 105.847 -3.14084 0.13869 -2.93039
576.821 -134.074 107.701 3.1413 0.138934 -2.93419
576.69 -132.055 109.553 3.14034 0.139291 -2.93784
576.532 -130.022 111.407 3.1394 0.139591 -2.9415
576.315 -127.929 113.15 3.1386 0.13967 -2.94518
576.124 -125.857 114.904 3.13775 0.13986 -2.94889
575.875 -123.526 116.828 3.13685 0.140003 -2.95304
575.605 -121.564 118.546 3.13595 0.140105 -2.95667
575.218 -119.38 120.378 3.1349 0.139979 -2.96073
574.734 -116.88 122.377 3.13371 0.139662 -2.9654
574.302 -114.756 123.985 3.13276 0.139288 -2.96933
573.819 -112.613 125.616 3.13182 0.138812 -2.9733
573.248 -110.382 127.388 3.13073 0.13819 -2.97751
572.607 -108.137 129.034 3.12971 0.137284 -2.9817
571.967 -105.997 130.541 3.12879 0.136264 -2.98568
571.171 -103.479 132.243 3.12779 0.13492 -2.99032
570.464 -101.346 133.762 3.12689 0.133756 -2.99431
569.784 -99.2934 135.33 3.12589 0.13273 -2.99825
569.03 -97.0172 136.939 3.12493 0.1315 -3.00252
568.266 -94.7456 138.469 3.12393 0.130205 -3.00684
567.616 -92.804 139.772 3.12311 0.129069 -3.01052
566.635 -89.7041 141.852 3.12173 0.12742 -3.01648
566.01 -87.7894 143.226 3.12078 0.126421 -3.02025
565.245 -85.501 144.814 3.11968 0.125136 -3.02474
564.591 -83.6752 146.046 3.11882 0.123958 -3.02832
564.037 -82.0011 147.193 3.11802 0.122996 -3.03164
563.537 -80.3818 148.301 3.11732 0.122164 -3.03481
563.056 -78.706 149.464 3.11661 0.121419 -3.03809
562.558 -76.9462 150.748 3.11588 0.120697 -3.04154
562.137 -75.4353 151.91 3.11523 0.120158 -3.04453
561.775 -73.9442 153.028 3.11465 0.119756 -3.04745
561.43 -72.4305 154.129 3.11415 0.119392 -3.05037
561.023 -70.291 155.687 3.11344 0.119122 -3.05452
560.905 -69.5525 156.22 3.11324 0.119077 -3.05593
560.639 -67.996 157.357 3.11275 0.118941 -3.05896
560.419 -66.5056 158.442 3.1123 0.118889 -3.06185
560.272 -65.1918 159.452 3.112 0.118995 -3.06435
560.153 -63.8681 160.523 3.11163 0.11919 -3.06691
560.019 -61.9999 162.086 3.11106 0.119612 -3.07059
559.935 -60.9615 162.974 3.11075 0.119847 -3.07263
559.843 -59.7507 163.978 3.11037 0.120099 -3.07503
559.757 -58.5133 165.001 3.1099 0.120363 -3.07754
559.685 -57.3591 165.969 3.1095 0.120628 -3.07987
559.602 -56.1724 166.985 3.10895 0.120899 -3.08235
559.491 -55.1719 167.821 3.10843 0.121003 -3.08448
559.369 -54.2089 168.617 3.10782 0.121066 -3.08661
559.186 -53.2628 169.363 3.1072 0.120984 -3.08872
558.918 -52.248 170.132 3.10647 0.120729 -3.09102
558.627 -51.2498 170.888 3.10557 0.120436 -3.09342
558.373 -50.4164 171.488 3.10483 0.120129 -3.0954
558.124 -49.6124 172.037 3.10414 0.119802 -3.09732
557.88 -48.8091 172.548 3.10339 0.119466 -3.09926
557.62 -47.9581 173.003 3.10269 0.119049 -3.10125
557.426 -47.2087 173.387 3.10204 0.118772 -3.10303
557.218 -46.3302 173.786 3.1013 0.118461 -3.10511
557.117 -45.5245 174.127 3.10062 0.118414 -3.10701
557.042 -44.2309 174.597 3.09965 0.118489 -3.10999
557.05 -43.3517 174.86 3.09899 0.118674 -3.11202
557.05 -42.4369 175.081 3.09831 0.118805 -3.11411
557.054 -41.652 175.264 3.09772 0.11896 -3.11592
557.075 -40.8724 175.414 3.09713 0.119151 -3.11772
557.126 -40.0188 175.532 3.09648 0.119398 -3.11969
557.168 -39.3327 175.612 3.09603 0.119601 -3.12122
557.196 -38.7317 175.659 3.09562 0.119737 -3.12257
557.228 -38.0779 175.687 3.09519 0.119845 -3.12402
557.239 -37.5319 175.67 3.09478 0.11986 -3.12528
557.218 -37.0236 175.623 3.09447 0.119797 -3.12638
557.192 -36.7628 175.584 3.09435 0.119728 -3.12692
557.097 -36.2239 175.469 3.09415 0.119495 -3.128
556.94 -35.7481 175.298 3.09403 0.119127 -3.12889
556.824 -35.4827 175.161 3.09414 0.118825 -3.12928
556.699 -35.2249 175.02 3.09435 0.118505 -3.12958
556.634 -35.1122 174.948 3.09447 0.11834 -3.12969
556.487 -34.8957 174.79 3.09475 0.117973 -3.12986
556.36 -34.7378 174.643 3.09497 0.117641 -3.12998
556.241 -34.5792 174.485 3.09519 0.117296 -3.1301
556.06 -34.3088 174.24 3.09557 0.116763 -3.13029
555.942 -34.1228 174.085 3.09583 0.116423 -3.13043
555.836 -33.9484 173.93 3.09608 0.116092 -3.13056
555.747 -33.7827 173.79 3.09631 0.115798 -3.13068
555.664 -33.5959 173.656 3.09658 0.115518 -3.13082
555.583 -33.3668 173.522 3.09689 0.115238 -3.131
555.49 -33.0771 173.367 3.09722 0.114918 -3.13128
555.386 -32.7374 173.207 3.09752 0.114582 -3.13167
555.25 -32.2998 173.023 3.09774 0.114189 -3.13227
555.107 -31.824 172.844 3.09785 0.113802 -3.13303
554.944 -31.1981 172.627 3.09789 0.113346 -3.13409
554.736 -30.413 172.355 3.09792 0.112769 -3.13543
554.519 -29.6001 172.082 3.09793 0.112183 -3.13685
554.245 -28.6168 171.756 3.09785 0.111479 -3.13861
553.895 -27.4128 171.343 3.09774 0.110584 -3.14078
553.561 -26.2408 170.93 3.09756 0.109706 3.14026
553.166 -24.8598 170.454 3.09744 0.108693 3.13778
552.712 -23.292 169.913 3.0973 0.107525 3.13496
552.259 -21.7867 169.372 3.09705 0.106379 3.13218
551.77 -20.0319 168.753 3.09677 0.105158 3.12895
551.306 -18.2644 168.126 3.09639 0.104037 3.12564
550.859 -16.4146 167.473 3.096 0.102975 3.12218
550.316 -13.8699 166.609 3.09542 0.101772 3.1174
549.901 -11.7228 165.901 3.09497 0.100894 3.1134
549.566 -9.71084 165.226 3.09456 0.100227 3.10968
549.243 -7.51026 164.539 3.09416 0.0996079 3.10563
548.96 -5.36155 163.869 3.09378 0.0991111 3.10169
548.725 -2.8216 163.115 3.09327 0.0988126 3.097
548.562 -0.690837 162.486 3.09286 0.0986462 3.09307
548.411 1.87775 161.759 3.09234 0.0985737 3.08834
548.277 4.15424 161.127 3.09193 0.0985203 3.08421
548.111 6.75921 160.416 3.09157 0.098426 3.07956
547.905 9.55241 159.636 3.09127 0.098252 3.07464
547.704 12.1204 158.933 3.09115 0.0980744 3.07023
547.356 15.7798 157.919 3.09117 0.0977017 3.06409
547.201 17.2505 157.49 3.09122 0.0975419 3.06165
546.797 20.7663 156.449 3.09153 0.0970421 3.05597
546.393 23.7669 155.542 3.092 0.0964943 3.05127
545.912 26.7894 154.611 3.0926 0.0958012 3.04664
545.46 29.2362 153.802 3.09324 0.0950626 3.04299
544.855 31.9982 152.82 3.09401 0.0939802 3.03889
544.153 34.5499 151.839 3.09486 0.092641 3.0352
543.433 37.0983 150.866 3.09581 0.0912403 3.03158
542.834 39.2428 150.014 3.09672 0.0900567 3.02861
542.097 41.8609 148.901 3.09789 0.0885208 3.02503
541.426 44.4368 147.809 3.09908 0.0871167 3.02153
540.792 46.7925 146.729 3.1002 0.0857614 3.01837
540.197 49.0949 145.657 3.10125 0.0844836 3.01526
539.625 51.2827 144.593 3.10231 0.0831738 3.01236
539.084 53.4694 143.536 3.10342 0.0819586 3.00949
538.562 55.6749 142.445 3.10446 0.0808096 3.00657
538.098 57.8373 141.342 3.10545 0.0797749 3.00369
537.518 60.9688 139.635 3.10655 0.0784122 2.99933
537.317 62.0255 139.042 3.10678 0.0778976 2.99778
536.828 64.3855 137.752 3.10727 0.076661 2.99428
536.077 67.3654 136.069 3.10757 0.0746411 2.98966
535.511 69.5361 134.788 3.10754 0.0730747 2.98615
535.054 71.4661 133.638 3.10727 0.0717887 2.98291
534.671 73.2929 132.504 3.10674 0.0706892 2.97968
534.359 75.1923 131.333 3.10592 0.0697299 2.97619
534.123 77.2007 130.036 3.10474 0.0689547 2.97238
534.002 78.9735 128.855 3.10337 0.068419 2.96885
533.916 80.8895 127.558 3.10176 0.0679568 2.96501
533.85 82.5898 126.411 3.10012 0.0675382 2.96149
533.8 84.2996 125.274 3.09846 0.0671556 2.95797
533.813 85.2029 124.657 3.09749 0.0670426 2.95607
533.915 86.9889 123.433 3.09546 0.0669833 2.95229
534.093 88.8006 122.148 3.09323 0.0671243 2.9484
534.32 90.3479 121.051 3.09125 0.0674084 2.94508
534.582 91.8558 119.957 3.08931 0.0678032 2.94189
534.87 93.2793 118.834 3.08732 0.0682398 2.93883
535.231 94.846 117.512 3.08509 0.0688452 2.93551
535.492 95.8821 116.618 3.08359 0.0693431 2.93332
535.756 97.1167 115.568 3.08193 0.0698461 2.93081
535.982 98.442 114.422 3.08018 0.0702389 2.92813
536.106 99.6335 113.305 3.07864 0.0703906 2.92576
536.137 100.753 112.23 3.07727 0.070351 2.92357
536.029 102.008 110.975 3.07591 0.0700014 2.92122
535.859 102.963 109.944 3.07482 0.0695184 2.91941
535.407 104.536 108.148 3.0732 0.0682909 2.9165
535.057 105.42 107.045 3.07231 0.0673577 2.91488
534.634 106.372 105.913 3.0714 0.0662535 2.91314
534.412 106.806 105.368 3.07095 0.065691 2.91232
533.714 108.137 103.731 3.06953 0.0640277 2.90977
533.389 108.926 102.853 3.06858 0.0632637 2.90811
532.934 110.005 101.821 3.06914 0.0625837 2.90588
532.524 111.026 101.032 3.07136 0.0623291 2.90386
532.022 112.309 100.212 3.07517 0.0622416 2.90135
531.463 113.772 99.3975 3.0802 0.0622963 2.89849
530.934 115.124 98.7463 3.08513 0.0623568 2.89572
530.598 115.908 98.4144 3.08811 0.0623401 2.89408
529.175 118.706 97.2882 3.09889 0.0617033 2.88778
528.263 120.405 96.6408 3.10554 0.061214 2.88367
527.564 121.833 96.1462 3.11118 0.0610375 2.88006
527.189 122.63 95.8814 3.11433 0.0609938 2.87802
526.111 125.103 95.2105 3.12341 0.0609931 2.87143
525.496 126.712 94.8445 3.12882 0.0611121 2.86702
524.964 128.219 94.5416 3.13358 0.0612892 2.86281
524.409 129.916 94.2282 3.13876 0.0615871 2.85796
524.012 131.292 94.0462 -3.14054 0.0619313 2.85402
523.617 132.813 93.8685 -3.13668 0.0622716 2.8496
523.243 134.419 93.7174 -3.13332 0.0625372 2.84493
522.911 135.851 93.5757 -3.13073 0.0627094 2.84076
522.606 137.322 93.4395 -3.12844 0.0629016 2.83647
522.324 138.736 93.274 -3.12663 0.0629855 2.83236
522.044 140.085 93.0899 -3.12504 0.0629802 2.82845
521.736 141.305 92.8802 -3.12358 0.0628714 2.82497
521.423 142.51 92.6113 -3.12222 0.0627234 2.82151
521.199 143.608 92.3161 -3.12099 0.062735 2.81851
521.083 144.594 91.9758 -3.11973 0.0630853 2.81588
520.934 145.649 91.5377 -3.11818 0.0635309 2.81321
520.663 146.511 91.0187 -3.1167 0.0636134 2.81112
520.278 147.279 90.4492 -3.11534 0.0632935 2.80932
519.673 148.069 89.695 -3.11367 0.0624449 2.80762
519.053 148.753 88.8908 -3.11185 0.0617342 2.80634
518.353 149.502 87.843 -3.10937 0.0610486 2.80508
518.012 149.894 87.113 -3.10752 0.060981 2.80461
517.712 150.25 86.2775 -3.1054 0.0611122 2.80431
517.533 150.584 85.4584 -3.10322 0.0615521 2.80418
517.422 150.876 84.5368 -3.1009 0.062182 2.80425
517.347 151.123 83.586 -3.09865 0.0628607 2.80444
517.335 151.314 82.7661 -3.0969 0.0634757 2.80464
517.408 151.528 81.8555 -3.095 0.0643025 2.80486
517.489 151.687 81.1633 -3.09366 0.0649229 2.80502
517.583 151.834 80.4017 -3.09232 0.0655517 2.80521
517.688 151.951 79.5574 -3.09103 0.0661533 2.80545
517.781 152.048 78.8016 -3.09009 0.0666112 2.80566
517.859 152.232 77.7796 -3.08892 0.067064 2.80587
517.881 152.375 77.0275 -3.08815 0.0672588 2.80598
517.885 152.495 76.34 -3.08762 0.0673115 2.80608
517.903 152.598 75.7816 -3.0872 0.0674088 2.80618
517.905 152.752 75.135 -3.08643 0.0675685 2.80627
517.882 152.912 74.582 -3.08582 0.067618 2.80631
517.863 153.1 74.0392 -3.08524 0.0676889 2.80632
517.811 153.334 73.4778 -3.08451 0.0676987 2.80626
517.797 153.545 73.0577 -3.08399 0.067795 2.80618
517.777 153.788 72.6415 -3.08348 0.0678488 2.80606
517.799 153.987 72.3625 -3.08308 0.068051 2.80598
517.876 154.292 72.0386 -3.0825 0.0684908 2.80586
517.915 154.379 71.9715 -3.08232 0.0686705 2.80582
518.066 154.59 71.8419 -3.08198 0.0692643 2.80576
518.197 154.886 71.7533 -3.08158 0.0698803 2.80562
518.26 155.044 71.7558 -3.08137 0.0702127 2.80553
518.315 155.209 71.7821 -3.08119 0.0705155 2.80542
518.331 155.371 71.8236 -3.081 0.0706914 2.80528
518.322 155.527 71.8889 -3.08078 0.0707946 2.80513
518.311 155.688 71.9832 -3.08057 0.0709257 2.80497
518.319 155.794 72.0718 -3.08042 0.0710633 2.80487
518.341 155.887 72.1772 -3.08029 0.071241 2.80479
518.373 155.95 72.2945 -3.0802 0.0714442 2.80475
518.456 155.989 72.5205 -3.08014 0.0718497 2.80474
518.549 155.977 72.6895 -3.08016 0.0721812 2.80477
518.656 155.934 72.8473 -3.08023 0.0725148 2.80482
518.799 155.882 73.0612 -3.08032 0.0729698 2.80487
518.929 155.822 73.2749 -3.08042 0.0733961 2.80493
519.08 155.744 73.5219 -3.08055 0.0738804 2.805
519.246 155.649 73.791 -3.0807 0.074409 2.80511
519.512 155.501 74.2304 -3.08094 0.0752641 2.80527
519.693 155.412 74.529 -3.0811 0.0758476 2.80537
519.899 155.317 74.8761 -3.08127 0.0765271 2.80549
520.104 155.219 75.2414 -3.08141 0.0772165 2.80562
520.265 155.141 75.5725 -3.0815 0.0777972 2.80572
520.395 155.057 75.9595 -3.08156 0.0783316 2.80582
520.429 154.975 76.3644 -3.08155 0.0785819 2.80583
520.379 154.898 76.7239 -3.08149 0.078534 2.80578
520.32 154.814 77.0921 -3.08141 0.0784786 2.80574
520.209 154.737 77.43 -3.08131 0.0782474 2.80565
520.093 154.645 77.7913 -3.0812 0.0779941 2.80555
520.001 154.538 78.1374 -3.08114 0.07777 2.80547
519.986 154.381 78.5644 -3.08116 0.0777588 2.80544
520.012 154.231 78.9308 -3.08123 0.0778561 2.80546
520.078 154.037 79.3462 -3.08136 0.0780826 2.80553
520.176 153.818 79.7729 -3.08156 0.0783818 2.80563
520.331 153.546 80.3151 -3.08185 0.0788633 2.80578
520.555 153.31 80.7962 -3.08214 0.0795369 2.80594
520.911 153.04 81.3521 -3.08246 0.0806088 2.80622
521.534 152.631 82.2014 -3.08289 0.0824317 2.80672
521.965 152.359 82.7563 -3.08309 0.0836728 2.80711
522.526 152.007 83.45 -3.08326 0.0852661 2.80766
523.125 151.625 84.1897 -3.08342 0.0869604 2.80828
523.696 151.256 84.9082 -3.08364 0.0885715 2.80888
524.346 150.776 85.7243 -3.08398 0.0903879 2.80965
524.961 150.263 86.5222 -3.08439 0.0921293 2.81048
525.895 149.42 87.7542 -3.08519 0.0947581 2.81182
526.65 148.659 88.7834 -3.08598 0.096886 2.81309
527.348 147.9 89.7188 -3.08659 0.098869 2.81442
528.095 147.068 90.7013 -3.08696 0.10106 2.81594
528.954 146.044 91.7766 -3.08725 0.103584 2.8179
529.758 145.088 92.7561 -3.08736 0.106015 2.81984
530.144 144.594 93.2217 -3.08734 0.107211 2.82085
531.286 143.094 94.6053 -3.08704 0.110859 2.82406
532.578 141.278 96.1233 -3.08685 0.114966 2.82795
533.531 139.911 97.2187 -3.08652 0.118072 2.83093
534.434 138.508 98.2934 -3.08618 0.121021 2.83394
535.059 137.458 99.087 -3.08581 0.123109 2.83624
536.035 135.634 100.367 -3.08498 0.12648 2.84024
537.328 132.834 102.136 -3.08358 0.131028 2.84646
538.091 130.986 103.265 -3.08246 0.133826 2.85065
538.852 128.986 104.458 -3.08137 0.136651 2.85521
539.575 126.994 105.643 -3.08047 0.13934 2.85972
540.304 124.94 106.862 -3.07959 0.14207 2.86439
541.056 122.753 108.158 -3.07866 0.144926 2.86945
541.729 120.545 109.38 -3.07778 0.147513 2.87459
542.312 118.451 110.564 -3.07695 0.14978 2.87949
542.885 116.165 111.845 -3.07587 0.15206 2.88491
543.378 114.037 113.014 -3.07477 0.154065 2.88991
543.785 111.986 114.145 -3.07363 0.155817 2.89468
544.177 109.455 115.516 -3.07219 0.157627 2.90052
544.392 107.28 116.603 -3.07099 0.158746 2.90549
544.582 104.965 117.692 -3.06999 0.159694 2.91066
544.778 102.407 118.882 -3.0692 0.160597 2.91628
544.913 100.039 119.96 -3.06868 0.161246 2.92137
545.007 97.6379 121.052 -3.06832 0.161735 2.92642
545.067 95.1219 122.215 -3.06802 0.162088 2.93164
545.05 92.6609 123.339 -3.06791 0.162112 2.9367
544.967 90.563 124.232 -3.06806 0.16182 2.94089
544.815 88.2063 125.202 -3.06842 0.161228 2.94548
544.554 85.5932 126.216 -3.06901 0.160257 2.95047
544.292 83.4099 127.022 -3.06956 0.159294 2.95455
543.989 80.8423 127.954 -3.07021 0.158134 2.95932
543.715 78.3538 128.835 -3.07093 0.156967 2.96383
543.328 74.9129 130.072 -3.07196 0.155224 2.97006
542.975 72.3416 130.966 -3.07263 0.15371 2.97469
542.718 70.3606 131.612 -3.07306 0.152541 2.97826
542.494 67.8607 132.433 -3.07337 0.151264 2.98281
542.323 65.767 133.149 -3.07341 0.150254 2.9867
542.213 63.3974 133.986 -3.07346 0.14932 2.99109
542.118 60.6894 134.961 -3.07334 0.148236 2.99618
542.072 57.3015 136.256 -3.073 0.146954 3.00263
542.09 55.1575 137.133 -3.07263 0.146255 3.00675
542.176 52.7566 138.147 -3.07219 0.145632 3.01134
542.317 50.6162 139.105 -3.07177 0.145205 3.01545
542.431 48.263 140.155 -3.07136 0.144586 3.01994
542.477 45.7638 141.324 -3.07091 0.143693 3.02472
542.448 44.6564 141.845 -3.07065 0.143159 3.02683
542.404 42.0314 143.077 -3.07004 0.141901 3.03187
542.303 39.167 144.421 -3.06935 0.140285 3.03735
542.161 37.2254 145.355 -3.06887 0.138991 3.04108
541.934 35.2322 146.304 -3.06835 0.137422 3.04492
541.612 32.8337 147.413 -3.06775 0.135339 3.04951
541.314 30.9625 148.3 -3.06726 0.133568 3.05312
540.93 29.1435 149.165 -3.06678 0.131566 3.05662
540.445 27.2989 150.061 -3.06631 0.129247 3.06017
539.948 25.388 151.027 -3.06594 0.126775 3.06383
539.533 23.6279 151.961 -3.06576 0.124503 3.06718
539.09 21.7638 153.014 -3.06581 0.122028 3.07071
538.744 20.2726 153.876 -3.06601 0.120046 3.07352
538.436 18.7131 154.828 -3.06633 0.118119 3.07643
538.12 16.9343 155.917 -3.06679 0.11594 3.07979
537.874 15.4358 156.876 -3.06729 0.114164 3.08263
537.644 14.0398 157.781 -3.06784 0.112472 3.08529
537.396 12.4852 158.827 -3.06858 0.110665 3.08819
537.186 11.0283 159.804 -3.06928 0.108977 3.09092
537.005 9.54139 160.852 -3.06989 0.107356 3.09376
536.883 8.09204 161.886 -3.07054 0.105859 3.09653
536.678 6.17726 163.294 -3.07158 0.103755 3.10016
536.468 5.00023 164.116 -3.07238 0.102175 3.10232
536.192 3.51322 165.19 -3.07328 0.100125 3.10511
535.943 2.16403 166.119 -3.07407 0.0982614 3.10761
535.687 0.82287 167.003 -3.07475 0.0963782 3.11014
535.368 -0.640363 167.904 -3.0756 0.0942138 3.11285
535.089 -1.85706 168.634 -3.07635 0.0924007 3.11508
534.756 -3.04808 169.303 -3.07715 0.0904165 3.11724
534.342 -4.55977 170.146 -3.07829 0.0879211 3.11993
533.909 -5.83251 170.776 -3.07945 0.0855983 3.1221
533.414 -7.09113 171.365 -3.08096 0.0831051 3.1241
532.822 -8.58856 171.993 -3.08286 0.080112 3.12645
532.288 -9.97069 172.513 -3.08469 0.0773862 3.12853
531.795 -11.2883 172.985 -3.08635 0.0748746 3.13047
531.23 -12.5805 173.409 -3.08794 0.0722092 3.13234
530.622 -13.8302 173.817 -3.08944 0.0694528 3.13407
529.93 -15.0138 174.161 -3.09086 0.0664979 3.13558
529.145 -16.2999 174.526 -3.09244 0.0631846 3.13714
528.368 -17.8584 174.991 -3.094 0.0596401 3.13885
528.172 -18.3263 175.143 -3.09447 0.0586937 3.1393
527.692 -19.8157 175.742 -3.09643 0.0560805 3.14047
527.418 -20.629 176.158 -3.09779 0.0545988 3.14091
527.077 -21.5592 176.65 -3.09937 0.0528493 3.1414
526.916 -21.9774 176.891 -3.10009 0.0520725 -3.14157
526.594 -22.8294 177.386 -3.10164 0.0505056 -3.14118
526.301 -23.9901 178.155 -3.104 0.0488529 -3.14078
526.212 -24.6946 178.711 -3.10571 0.0481623 -3.14066
526.19 -25.3127 179.248 -3.10747 0.0477491 -3.14065
526.232 -25.9231 179.778 -3.10939 0.0476009 -3.14063
526.396 -26.5192 180.277 -3.11173 0.0478407 -3.14063
526.667 -27.0531 180.746 -3.1141 0.0484445 -3.14067
527.043 -27.597 181.293 -3.11676 0.0494061 -3.14082
527.357 -28.0485 181.762 -3.11897 0.05029 -3.14096
527.662 -28.5765 182.316 -3.1211 0.051243 -3.14107
527.926 -29.103 182.904 -3.12293 0.0521264 -3.14117
528.153 -29.525 183.387 -3.1242 0.0529711 -3.14122
528.4 -30.0025 183.854 -3.12539 0.0539668 -3.14113
528.661 -30.5822 184.339 -3.12658 0.0550273 -3.14084
528.955 -31.1722 184.818 -3.12776 0.0560611 -3.14054
529.269 -31.6893 185.296 -3.12882 0.0571421 -3.14029
529.539 -32.1749 185.76 -3.12979 0.0581686 -3.14003
529.772 -32.6633 186.218 -3.13075 0.0591459 -3.13976
529.988 -33.1541 186.637 -3.13167 0.0600635 -3.13947
530.221 -33.6039 187.048 -3.13254 0.0610553 -3.13921
530.518 -34.0434 187.505 -3.13345 0.0622878 -3.13898
530.811 -34.4281 187.902 -3.13426 0.0634276 -3.1388
531.041 -34.838 188.273 -3.13506 0.0643601 -3.13856
531.203 -35.3792 188.728 -3.1361 0.0652503 -3.13825
531.271 -35.5979 188.925 -3.13655 0.0656409 -3.13814
531.425 -35.9726 189.243 -3.13735 0.0663599 -3.13798
531.597 -36.3813 189.559 -3.13824 0.0671106 -3.13782
531.658 -36.6406 189.752 -3.1387 0.0674923 -3.13766
531.72 -36.9366 189.948 -3.13916 0.0678949 -3.13743
531.784 -37.135 190.075 -3.13947 0.0682151 -3.13727
531.862 -37.339 190.199 -3.13979 0.0685777 -3.1371
531.905 -37.4393 190.281 -3.13995 0.0688096 -3.13702
531.93 -37.4835 190.333 -3.14003 0.0689475 -3.13699
531.943 -37.4973 190.348 -3.14005 0.069007 -3.13697
531.928 -37.4826 190.335 -3.14003 0.0689718 -3.13698
531.907 -37.4205 190.317 -3.13993 0.068917 -3.13703
531.885 -37.2713 190.297 -3.13979 0.068855 -3.1372
531.884 -37.0709 190.285 -3.13964 0.0688411 -3.13745
531.887 -36.8242 190.271 -3.13944 0.0688329 -3.13775
531.892 -36.5239 190.255 -3.13923 0.0688283 -3.13813
531.899 -36.2328 190.241 -3.13905 0.0688279 -3.13853
531.905 -35.9441 190.228 -3.13887 0.068823 -3.13892
531.92 -35.5934 190.218 -3.13866 0.0688329 -3.13942
531.943 -35.2751 190.213 -3.13848 0.0688656 -3.1399
531.972 -34.9334 190.21 -3.13829 0.0689144 -3.14043
532.004 -34.6271 190.212 -3.13806 0.0689715 -3.14091
532.03 -34.3813 190.214 -3.13774 0.0690146 -3.14127
532.047 -34.1679 190.212 -3.13743 0.0690376 -3.14156
532.06 -33.9513 190.205 -3.13718 0.0690477 3.14134
532.073 -33.7229 190.198 -3.13696 0.0690582 3.14105
532.082 -33.5151 190.192 -3.13681 0.0690672 3.14077
532.094 -33.321 190.187 -3.13668 0.0690815 3.14051
532.102 -33.1428 190.183 -3.13655 0.0690904 3.14028
532.105 -32.9977 190.176 -3.13646 0.06909 3.14009
532.095 -32.8569 190.161 -3.1364 0.0690674 3.1399
532.07 -32.6934 190.133 -3.13637 0.0690169 3.13964
532.041 -32.5661 190.097 -3.13639 0.0689505 3.1394
532.018 -32.4647 190.059 -3.13645 0.0688835 3.13918
532.002 -32.3716 190.012 -3.13652 0.0688081 3.13896
531.992 -32.3175 189.964 -3.13657 0.0687336 3.1388
531.983 -32.287 189.884 -3.13657 0.0686236 3.13867
531.976 -32.2765 189.818 -3.1365 0.0685324 3.13862
531.964 -32.2612 189.75 -3.13644 0.0684241 3.13858
531.956 -32.2421 189.671 -3.13639 0.0683119 3.13853
531.973 -32.2393 189.603 -3.13638 0.0682866 3.13852
532.017 -32.2553 189.529 -3.13639 0.0683329 3.13854
532.111 -32.2949 189.442 -3.13642 0.068515 3.1386
532.229 -32.3376 189.359 -3.13645 0.0687721 3.13866
532.45 -32.406 189.267 -3.13647 0.0693232 3.13876
532.709 -32.4833 189.18 -3.13641 0.0699881 3.13889
533.061 -32.5711 189.094 -3.13631 0.0709322 3.13906
533.421 -32.656 189.009 -3.13611 0.0718752 3.13924
533.792 -32.7266 188.893 -3.13586 0.0728493 3.13942
533.988 -32.7427 188.772 -3.13582 0.0733269 3.13948
534.116 -32.7246 188.635 -3.13585 0.0736006 3.13946
534.22 -32.6975 188.484 -3.13586 0.0737536 3.13943
534.305 -32.6742 188.342 -3.13585 0.0738664 3.13942
534.424 -32.6679 188.191 -3.13584 0.0740711 3.13945
534.644 -32.6722 188.027 -3.13583 0.0745752 3.13952
534.82 -32.6679 187.878 -3.13581 0.0749537 3.13956
535.01 -32.6688 187.742 -3.1358 0.0753848 3.13962
535.275 -32.6863 187.567 -3.1358 0.075992 3.13969
535.485 -32.6992 187.413 -3.1358 0.0764347 3.13976
535.749 -32.7156 187.25 -3.13579 0.0770579 3.13984
536.019 -32.7352 187.081 -3.13578 0.0776689 3.13993
536.27 -32.7573 186.927 -3.13578 0.0782348 3.14001
536.526 -32.7814 186.765 -3.13578 0.0787971 3.14009
536.842 -32.809 186.584 -3.13578 0.0795315 3.1402
537.081 -32.8291 186.431 -3.13578 0.0800742 3.14028
537.373 -32.8575 186.258 -3.13577 0.0807466 3.14038
537.76 -32.8945 185.992 -3.13577 0.0815899 3.14052
537.994 -32.9143 185.824 -3.13576 0.0821079 3.1406
538.217 -32.9337 185.661 -3.13575 0.0825889 3.14067
538.503 -32.9613 185.451 -3.13575 0.0832201 3.14078
538.726 -32.985 185.258 -3.13575 0.0836668 3.14086
538.968 -33.0087 185.069 -3.13575 0.0842029 3.14094
539.17 -33.0274 184.876 -3.13575 0.0845956 3.14102
539.404 -33.0505 184.678 -3.13575 0.0850997 3.1411
539.623 -33.0728 184.485 -3.13574 0.0855613 3.14118
539.881 -33.1003 184.271 -3.13574 0.086122 3.14128
540.131 -33.1271 184.061 -3.13574 0.086667 3.14137
540.384 -33.1508 183.847 -3.13573 0.0872088 3.14147
540.652 -33.174 183.636 -3.13572 0.0878011 3.14157
541.008 -33.2092 183.34 -3.13572 0.0885832 -3.14149
541.214 -33.2317 183.161 -3.13572 0.0890223 -3.14141
541.457 -33.258 182.952 -3.13571 0.0895495 -3.14131
541.704 -33.2839 182.719 -3.13571 0.0900505 -3.14122
541.947 -33.3069 182.5 -3.1357 0.0905651 -3.14113
542.076 -33.3207 182.377 -3.1357 0.0908318 -3.14108
542.467 -33.3685 181.993 -3.13571 0.0916166 -3.14092
542.668 -33.3929 181.756 -3.13571 0.0919694 -3.14084
542.861 -33.416 181.537 -3.13571 0.0923163 -3.14077
543.019 -33.436 181.297 -3.13571 0.0925284 -3.1407
543.167 -33.4563 181.062 -3.13572 0.0927013 -3.14064
543.346 -33.4812 180.783 -3.13572 0.0929221 -3.14057
543.456 -33.4948 180.548 -3.13572 0.0929615 -3.14052
543.54 -33.5054 180.304 -3.13572 0.092917 -3.14048
543.646 -33.5207 180.056 -3.13572 0.0929384 -3.14043
543.77 -33.5394 179.788 -3.13572 0.0930004 -3.14038
543.861 -33.554 179.535 -3.13572 0.0929592 -3.14033
543.928 -33.5648 179.232 -3.13571 0.0927952 -3.14029
543.957 -33.5687 179.11 -3.13571 0.092747 -3.14028
544.113 -33.5943 178.664 -3.13571 0.0927429 -3.14019
544.179 -33.607 178.42 -3.13571 0.0926713 -3.14015
544.207 -33.6155 178.132 -3.13571 0.0924452 -3.14013
544.223 -33.6228 177.847 -3.13571 0.0922122 -3.1401
544.313 -33.6402 177.557 -3.13571 0.0922153 -3.14005
544.481 -33.6668 177.243 -3.13572 0.0924328 -3.13996
544.621 -33.6896 176.845 -3.13572 0.0924896 -3.13989
544.767 -33.7131 176.559 -3.13572 0.092671 -3.13982
544.916 -33.7382 176.255 -3.13573 0.0928338 -3.13974
545.014 -33.7551 175.971 -3.13573 0.0928707 -3.13969
545.167 -33.7757 175.675 -3.13573 0.0930669 -3.13961
545.281 -33.7949 175.403 -3.13573 0.0931547 -3.13956
545.384 -33.8157 175.109 -3.13574 0.0931929 -3.1395
545.518 -33.8352 174.812 -3.13573 0.0933318 -3.13943
545.626 -33.8462 174.517 -3.13572 0.0933886 -3.13937
545.71 -33.8594 174.266 -3.13572 0.0934141 -3.13932
545.835 -33.8811 173.975 -3.13572 0.09353 -3.13925
545.951 -33.9011 173.658 -3.13572 0.0935964 -3.13919
546.046 -33.9139 173.358 -3.13572 0.0936136 -3.13914
546.148 -33.9279 173.086 -3.13572 0.0936749 -3.13909
546.239 -33.9443 172.806 -3.13572 0.0936796 -3.13903
546.3 -33.9574 172.486 -3.13572 0.0935695 -3.13899
546.355 -33.969 172.227 -3.13572 0.0935035 -3.13895
546.428 -33.9846 171.949 -3.13572 0.0934724 -3.1389
546.47 -33.9975 171.646 -3.13572 0.0933035 -3.13886
546.49 -34.0065 171.337 -3.13571 0.0930695 -3.13883
546.513 -34.0157 171.036 -3.13571 0.0928639 -3.1388
546.555 -34.0284 170.749 -3.13572 0.0927275 -3.13876
546.608 -34.0418 170.465 -3.13572 0.0926298 -3.13872
546.607 -34.0477 170.182 -3.13572 0.09237 -3.1387
546.56 -34.0516 169.848 -3.13572 0.0919287 -3.13869
546.529 -34.0556 169.593 -3.13572 0.0915859 -3.13868
546.5 -34.0605 169.291 -3.13572 0.0912137 -3.13866
546.467 -34.0611 168.94 -3.13571 0.090804 -3.13865
546.444 -34.0645 168.666 -3.13571 0.0904904 -3.13863
546.459 -34.0765 168.33 -3.13571 0.090234 -3.1386
546.483 -34.088 167.976 -3.1357 0.0899982 -3.13856
546.471 -34.0887 167.688 -3.13569 0.0897116 -3.13854
546.42 -34.0916 167.283 -3.13569 0.0891859 -3.13853
546.384 -34.098 166.965 -3.13569 0.0887839 -3.13851
546.368 -34.1029 166.654 -3.13569 0.088471 -3.13849
546.373 -34.1079 166.336 -3.13568 0.0882097 -3.13846
546.427 -34.1193 166.059 -3.13568 0.0881357 -3.13842
546.475 -34.1331 165.747 -3.13568 0.0880134 -3.13838
546.476 -34.1382 165.476 -3.13568 0.0877851 -3.13836
546.46 -34.1417 165.19 -3.13567 0.0874908 -3.13834
546.475 -34.1515 164.854 -3.13567 0.087247 -3.1383
546.546 -34.1638 164.58 -3.13566 0.0872339 -3.13826
546.632 -34.1742 164.276 -3.13565 0.0872378 -3.1382
546.667 -34.1814 163.988 -3.13565 0.0870966 -3.13817
546.691 -34.1912 163.692 -3.13564 0.0869105 -3.13814
546.754 -34.204 163.395 -3.13564 0.0868544 -3.13809
546.837 -34.2135 163.127 -3.13563 0.0868805 -3.13804
546.878 -34.2217 162.859 -3.13562 0.0867745 -3.13801
546.911 -34.236 162.525 -3.13562 0.0865859 -3.13797
546.958 -34.2516 162.176 -3.13562 0.0864363 -3.13792
547.019 -34.2627 161.969 -3.13562 0.0864503 -3.13788
547.072 -34.2759 161.667 -3.13562 0.0863533 -3.13783
547.097 -34.2922 161.29 -3.13562 0.0860941 -3.13779
547.12 -34.305 160.96 -3.13562 0.0858777 -3.13775
547.168 -34.3181 160.654 -3.13561 0.08577 -3.1377
547.223 -34.3327 160.357 -3.13561 0.0856882 -3.13765
547.249 -34.347 160.041 -3.13561 0.0854872 -3.13761
547.256 -34.3562 159.753 -3.13561 0.0852694 -3.13758
547.278 -34.3663 159.463 -3.1356 0.0850972 -3.13755
547.324 -34.3815 159.115 -3.1356 0.0849461 -3.1375
547.347 -34.3923 158.837 -3.1356 0.0847821 -3.13746
547.345 -34.4007 158.533 -3.1356 0.0845245 -3.13743
547.332 -34.4094 158.217 -3.13559 0.0842173 -3.13741
547.326 -34.4187 157.908 -3.13559 0.0839256 -3.13738
547.339 -34.427 157.599 -3.13559 0.0837118 -3.13734
547.332 -34.4346 157.271 -3.13558 0.0834224 -3.13732
547.311 -34.4416 156.974 -3.13558 0.0830979 -3.1373
547.272 -34.447 156.68 -3.13558 0.0827232 -3.13728
547.223 -34.4491 156.406 -3.13558 0.0823495 -3.13727
547.156 -34.4515 156.08 -3.13558 0.0818848 -3.13727
547.106 -34.4558 155.79 -3.13558 0.0814867 -3.13725
547.038 -34.4597 155.457 -3.13558 0.0810094 -3.13724
546.971 -34.4589 155.192 -3.13557 0.0805947 -3.13724
546.896 -34.4589 154.9 -3.13557 0.0801312 -3.13724
546.827 -34.4616 154.617 -3.13557 0.0796927 -3.13723
546.742 -34.4622 154.281 -3.13557 0.0791615 -3.13723
546.676 -34.4585 154.017 -3.13556 0.0787541 -3.13723
546.623 -34.4576 153.769 -3.13555 0.0783923 -3.13723
546.583 -34.4591 153.497 -3.13555 0.0780542 -3.13721
546.538 -34.4589 153.22 -3.13554 0.077691 -3.1372
546.455 -34.4522 152.91 -3.13553 0.0771953 -3.13721
546.369 -34.4472 152.62 -3.13552 0.0767005 -3.13721
546.268 -34.4444 152.272 -3.13551 0.0761056 -3.13722
546.223 -34.4418 152.124 -3.13551 0.0758448 -3.13722
546.085 -34.4292 151.711 -3.13549 0.0751008 -3.13723
546.01 -34.4259 151.477 -3.13549 0.0746856 -3.13724
545.922 -34.4251 151.185 -3.13549 0.0741707 -3.13724
545.842 -34.4232 150.931 -3.13548 0.0737216 -3.13724
545.754 -34.4177 150.666 -3.13547 0.0732441 -3.13725
545.675 -34.4153 150.424 -3.13547 0.0728127 -3.13726
545.585 -34.4151 150.13 -3.13547 0.0722989 -3.13726
545.509 -34.4137 149.883 -3.13547 0.0718598 -3.13726
545.43 -34.4083 149.649 -3.13546 0.0714332 -3.13726
545.336 -34.4037 149.376 -3.13545 0.0709369 -3.13727
545.21 -34.4027 148.991 -3.13545 0.0702455 -3.13728
545.121 -34.4011 148.714 -3.13545 0.0697496 -3.13728
545.021 -34.3942 148.427 -3.13544 0.0692263 -3.13728
544.934 -34.3894 148.173 -3.13543 0.0687644 -3.13729
544.839 -34.3878 147.887 -3.13543 0.0682525 -3.1373
544.791 -34.3876 147.732 -3.13543 0.0679798 -3.1373
544.666 -34.3822 147.34 -3.13542 0.0672881 -3.1373
544.62 -34.3778 147.207 -3.13541 0.0670479 -3.13731
544.494 -34.3726 146.82 -3.1354 0.0663685 -3.13731
544.404 -34.3718 146.527 -3.1354 0.065866 -3.13732
544.363 -34.3703 146.39 -3.1354 0.0656313 -3.13732
544.263 -34.362 146.093 -3.13538 0.0651016 -3.13733
544.185 -34.3548 145.864 -3.13537 0.0646911 -3.13733
544.098 -34.3526 145.601 -3.13537 0.0642273 -3.13734
544.002 -34.3503 145.308 -3.13537 0.0637142 -3.13734
543.921 -34.3433 145.07 -3.13536 0.0632882 -3.13735
543.837 -34.3334 144.83 -3.13534 0.0628529 -3.13736
543.72 -34.3296 144.483 -3.13534 0.0622365 -3.13737
543.635 -34.3281 144.229 -3.13534 0.0617875 -3.13737
543.598 -34.3249 144.123 -3.13533 0.0615967 -3.13737
543.471 -34.3064 143.767 -3.1353 0.0609443 -3.13739
543.39 -34.2972 143.528 -3.13529 0.060517 -3.1374
543.321 -34.2913 143.325 -3.13528 0.0601577 -3.13741
543.237 -34.28 143.076 -3.13526 0.0597142 -3.13742
543.157 -34.2646 142.851 -3.13524 0.059305 -3.13743
543.079 -34.2508 142.627 -3.13522 0.0589008 -3.13745
543.009 -34.2454 142.414 -3.13521 0.0585246 -3.13745
542.929 -34.2412 142.176 -3.13521 0.0581046 -3.13746
542.852 -34.2311 141.957 -3.13519 0.0577106 -3.13747
542.782 -34.2229 141.754 -3.13518 0.0573463 -3.13747
542.701 -34.2171 141.516 -3.13517 0.0569226 -3.13748
542.627 -34.2153 141.295 -3.13516 0.0565324 -3.13749
542.551 -34.2126 141.075 -3.13516 0.056141 -3.13749
542.469 -34.2066 140.841 -3.13515 0.0557207 -3.1375
542.4 -34.2043 140.624 -3.13515 0.0553409 -3.1375
542.327 -34.2033 140.404 -3.13514 0.0549515 -3.1375
542.251 -34.2025 140.183 -3.13514 0.05456 -3.1375
542.179 -34.201 139.969 -3.13514 0.0541829 -3.13751
542.107 -34.1992 139.758 -3.13514 0.0538095 -3.13751
542.037 -34.1985 139.536 -3.13513 0.0534282 -3.13751
541.973 -34.1974 139.319 -3.13513 0.0530716 -3.13751
541.908 -34.1966 139.096 -3.13512 0.0527139 -3.13751
541.837 -34.1983 138.863 -3.13513 0.0523274 -3.1375
