524.405 -147.468 64.8467 3.106 0.0578995 -3.13169
524.39 -147.456 64.813 3.10599 0.0578418 -3.13173
524.367 -147.438 64.7627 3.106 0.0577565 -3.13179
524.353 -147.427 64.7319 3.10599 0.0577036 -3.13182
524.34 -147.417 64.7029 3.10599 0.0576541 -3.13186
524.328 -147.407 64.6763 3.10599 0.0576078 -3.13189
524.311 -147.393 64.6406 3.106 0.0575453 -3.13193
524.301 -147.386 64.6196 3.106 0.0575086 -3.13196
524.292 -147.378 64.5987 3.106 0.0574724 -3.13198
524.284 -147.372 64.5839 3.106 0.0574455 -3.132
524.277 -147.366 64.5697 3.106 0.0574188 -3.13202
524.268 -147.359 64.5517 3.106 0.0573864 -3.13204
524.263 -147.355 64.5397 3.106 0.0573655 -3.13205
524.256 -147.35 64.5275 3.106 0.0573427 -3.13207
524.251 -147.345 64.5161 3.106 0.0573212 -3.13208
524.247 -147.342 64.5089 3.106 0.0573072 -3.13209
524.243 -147.34 64.5026 3.106 0.0572945 -3.13209
524.241 -147.338 64.498 3.10601 0.0572853 -3.1321
524.239 -147.336 64.494 3.10601 0.0572771 -3.1321
524.238 -147.334 64.4909 3.10601 0.0572703 -3.13211
524.236 -147.333 64.4878 3.10601 0.0572636 -3.13211
524.234 -147.331 64.4848 3.10601 0.0572564 -3.13211
524.233 -147.33 64.4827 3.10601 0.0572513 -3.13212
524.232 -147.329 64.481 3.10601 0.0572467 -3.13212
524.231 -147.328 64.4791 3.10601 0.0572418 -3.13212
524.231 -147.327 64.4782 3.10601 0.0572396 -3.13212
524.23 -147.326 64.4772 3.10602 0.0572367 -3.13212
524.23 -147.325 64.4763 3.10602 0.0572339 -3.13212
524.229 -147.325 64.4754 3.10602 0.057231 -3.13212
524.229 -147.324 64.4748 3.10602 0.0572292 -3.13212
524.228 -147.324 64.4746 3.10602 0.0572277 -3.13212
524.228 -147.323 64.474 3.10602 0.0572252 -3.13212
524.228 -147.323 64.4736 3.10602 0.0572238 -3.13212
524.228 -147.323 64.4732 3.10602 0.0572223 -3.13212
524.227 -147.322 64.4728 3.10602 0.0572204 -3.13212
524.227 -147.322 64.4726 3.10602 0.0572189 -3.13212
524.227 -147.322 64.4723 3.10602 0.057218 -3.13212
524.227 -147.321 64.4717 3.10603 0.0572155 -3.13213
524.226 -147.321 64.4715 3.10603 0.0572147 -3.13213
524.226 -147.321 64.4715 3.10603 0.0572139 -3.13213
524.226 -147.321 64.4712 3.10603 0.0572124 -3.13213
524.226 -147.32 64.4706 3.10603 0.0572107 -3.13213
524.226 -147.32 64.4706 3.10603 0.0572096 -3.13213
524.226 -147.32 64.4706 3.10603 0.0572093 -3.13213
524.225 -147.32 64.4702 3.10603 0.057208 -3.13213
524.225 -147.32 64.4701 3.10603 0.0572075 -3.13213
524.225 -147.319 64.47 3.10603 0.0572064 -3.13213
524.225 -147.319 64.47 3.10603 0.0572058 -3.13213
524.225 -147.319 64.4698 3.10603 0.0572051 -3.13213
524.225 -147.319 64.4696 3.10603 0.0572043 -3.13213
524.225 -147.319 64.4696 3.10603 0.0572035 -3.13213
524.225 -147.319 64.4696 3.10603 0.0572032 -3.13213
524.225 -147.318 64.4692 3.10603 0.0572014 -3.13213
524.224 -147.318 64.4691 3.10603 0.0572009 -3.13213
524.224 -147.318 64.4691 3.10604 0.0572002 -3.13213
524.224 -147.318 64.4691 3.10604 0.0571998 -3.13213
524.224 -147.318 64.4689 3.10604 0.0571988 -3.13213
524.224 -147.318 64.4687 3.10604 0.057198 -3.13213
524.224 -147.317 64.4686 3.10604 0.0571975 -3.13213
524.224 -147.317 64.4686 3.10604 0.0571967 -3.13213
524.224 -147.317 64.4683 3.10604 0.0571962 -3.13213
524.224 -147.317 64.4681 3.10604 0.0571953 -3.13213
524.224 -147.316 64.4681 3.10604 0.0571949 -3.13213
524.224 -147.316 64.468 3.10604 0.0571942 -3.13213
524.224 -147.316 64.4679 3.10604 0.0571937 -3.13213
524.224 -147.316 64.4677 3.10604 0.0571929 -3.13213
524.224 -147.315 64.4676 3.10604 0.0571924 -3.13213
524.224 -147.315 64.4675 3.10604 0.0571919 -3.13213
524.224 -147.314 64.4674 3.10604 0.0571913 -3.13213
524.224 -147.314 64.4671 3.10605 0.0571902 -3.13213
524.224 -147.314 64.467 3.10605 0.0571897 -3.13213
524.224 -147.314 64.4669 3.10605 0.0571886 -3.13213
524.224 -147.313 64.4666 3.10605 0.0571878 -3.13213
524.223 -147.313 64.4664 3.10605 0.057187 -3.13213
524.223 -147.313 64.4663 3.10605 0.0571861 -3.13213
524.223 -147.313 64.4661 3.10605 0.0571855 -3.13213
524.223 -147.312 64.4661 3.10605 0.0571852 -3.13213
524.223 -147.312 64.4658 3.10605 0.0571843 -3.13213
524.223 -147.312 64.4657 3.10605 0.0571839 -3.13213
524.223 -147.312 64.4656 3.10605 0.0571837 -3.13213
524.223 -147.311 64.4655 3.10605 0.057183 -3.13213
524.223 -147.311 64.4653 3.10605 0.0571824 -3.13213
524.223 -147.311 64.4653 3.10605 0.057182 -3.13213
524.223 -147.311 64.4651 3.10605 0.0571817 -3.13213
524.223 -147.31 64.4649 3.10605 0.0571812 -3.13213
524.223 -147.31 64.4649 3.10605 0.0571808 -3.13213
524.223 -147.31 64.4647 3.10605 0.0571801 -3.13213
524.223 -147.31 64.4645 3.10606 0.0571792 -3.13213
524.223 -147.309 64.4644 3.10606 0.0571787 -3.13213
524.223 -147.309 64.4643 3.10606 0.0571782 -3.13213
524.223 -147.309 64.4642 3.10606 0.0571774 -3.13213
524.222 -147.309 64.4641 3.10606 0.057177 -3.13213
524.222 -147.308 64.4641 3.10606 0.0571764 -3.13213
524.223 -147.308 64.4641 3.10606 0.0571763 -3.13213
524.223 -147.308 64.464 3.10606 0.0571759 -3.13213
524.223 -147.308 64.464 3.10606 0.0571758 -3.13213
524.223 -147.308 64.4639 3.10606 0.0571754 -3.13213
524.223 -147.307 64.4639 3.10606 0.0571751 -3.13213
524.223 -147.307 64.4638 3.10606 0.0571749 -3.13213
524.223 -147.307 64.4638 3.10606 0.0571746 -3.13213
524.223 -147.307 64.4638 3.10606 0.0571743 -3.13213
524.222 -147.307 64.4637 3.10606 0.057174 -3.13213
524.222 -147.307 64.4635 3.10606 0.0571736 -3.13213
524.222 -147.307 64.4634 3.10606 0.0571732 -3.13213
524.222 -147.307 64.4634 3.10606 0.0571729 -3.13213
524.222 -147.307 64.4633 3.10606 0.0571725 -3.13213
524.222 -147.306 64.4631 3.10606 0.057172 -3.13213
524.222 -147.306 64.463 3.10606 0.0571716 -3.13213
524.222 -147.306 64.463 3.10607 0.0571714 -3.13213
524.222 -147.306 64.4629 3.10607 0.057171 -3.13213
524.222 -147.306 64.4628 3.10607 0.0571706 -3.13213
524.222 -147.306 64.4627 3.10607 0.0571706 -3.13213
524.222 -147.306 64.4627 3.10607 0.05717 -3.13213
524.222 -147.306 64.4627 3.10607 0.0571699 -3.13213
524.222 -147.306 64.4626 3.10607 0.0571695 -3.13213
524.222 -147.306 64.4625 3.10607 0.0571692 -3.13213
524.222 -147.305 64.4624 3.10607 0.057169 -3.13213
524.222 -147.305 64.4624 3.10607 0.0571686 -3.13213
524.222 -147.305 64.4621 3.10607 0.0571681 -3.13213
524.222 -147.305 64.4621 3.10607 0.0571677 -3.13213
524.222 -147.305 64.462 3.10607 0.0571673 -3.13213
524.222 -147.304 64.4619 3.10607 0.0571669 -3.13213
524.222 -147.304 64.4618 3.10607 0.0571663 -3.13213
524.222 -147.304 64.4617 3.10607 0.0571659 -3.13213
524.222 -147.304 64.4616 3.10607 0.0571651 -3.13213
524.222 -147.304 64.4616 3.10607 0.0571649 -3.13213
524.222 -147.304 64.4615 3.10607 0.0571646 -3.13213
524.222 -147.304 64.4614 3.10607 0.0571643 -3.13213
524.221 -147.303 64.4613 3.10607 0.0571636 -3.13213
524.222 -147.303 64.4613 3.10607 0.0571633 -3.13213
524.222 -147.303 64.4611 3.10607 0.0571629 -3.13213
524.221 -147.303 64.4609 3.10607 0.0571625 -3.13213
524.221 -147.303 64.4608 3.10607 0.057162 -3.13213
524.221 -147.303 64.4608 3.10607 0.0571616 -3.13213
524.221 -147.302 64.4606 3.10607 0.0571613 -3.13213
524.221 -147.302 64.4604 3.10608 0.0571608 -3.13213
524.221 -147.302 64.4603 3.10608 0.0571605 -3.13213
524.221 -147.302 64.4603 3.10608 0.0571606 -3.13213
524.221 -147.302 64.4601 3.10608 0.0571602 -3.13213
524.221 -147.301 64.4597 3.10608 0.0571594 -3.13213
524.221 -147.301 64.4597 3.10608 0.0571593 -3.13213
524.221 -147.301 64.4596 3.10608 0.0571592 -3.13213
524.221 -147.301 64.4596 3.10608 0.0571591 -3.13213
524.221 -147.301 64.4595 3.10608 0.0571588 -3.13213
524.221 -147.301 64.4595 3.10608 0.0571586 -3.13213
524.221 -147.3 64.4595 3.10608 0.0571582 -3.13213
524.221 -147.3 64.4595 3.10608 0.0571582 -3.13213
524.221 -147.3 64.4594 3.10608 0.0571579 -3.13213
524.221 -147.3 64.4593 3.10608 0.0571578 -3.13213
524.221 -147.3 64.4593 3.10608 0.0571575 -3.13213
524.221 -147.3 64.4593 3.10608 0.0571573 -3.13213
524.221 -147.3 64.4594 3.10608 0.0571573 -3.13213
524.221 -147.3 64.4593 3.10608 0.0571571 -3.13213
524.221 -147.299 64.4593 3.10608 0.0571571 -3.13213
524.222 -147.299 64.4594 3.10608 0.0571572 -3.13213
524.221 -147.299 64.4591 3.10608 0.0571565 -3.13213
524.221 -147.299 64.4591 3.10608 0.0571562 -3.13213
524.221 -147.299 64.4591 3.10608 0.0571558 -3.13213
524.221 -147.298 64.4589 3.10609 0.0571553 -3.13213
524.221 -147.298 64.4587 3.10609 0.057155 -3.13213
524.221 -147.298 64.4587 3.10609 0.0571547 -3.13213
524.221 -147.298 64.4586 3.10609 0.0571544 -3.13213
524.221 -147.298 64.4586 3.10609 0.057154 -3.13213
524.221 -147.298 64.4586 3.10609 0.057154 -3.13213
524.221 -147.298 64.4584 3.10609 0.0571537 -3.13213
524.221 -147.298 64.4584 3.10609 0.0571534 -3.13213
524.221 -147.298 64.4583 3.10609 0.0571529 -3.13213
524.221 -147.298 64.458 3.10609 0.0571523 -3.13213
524.221 -147.298 64.458 3.10609 0.0571523 -3.13213
524.221 -147.298 64.4578 3.10609 0.057152 -3.13213
524.221 -147.298 64.4577 3.10609 0.0571517 -3.13213
524.221 -147.298 64.4577 3.10609 0.0571516 -3.13213
524.221 -147.297 64.4574 3.10609 0.0571509 -3.13213
524.221 -147.297 64.4573 3.10609 0.0571506 -3.13213
524.221 -147.297 64.4572 3.10609 0.0571504 -3.13213
524.221 -147.297 64.4572 3.10609 0.0571504 -3.13213
524.22 -147.297 64.457 3.10609 0.0571498 -3.13213
524.22 -147.297 64.4569 3.10609 0.0571494 -3.13213
524.22 -147.297 64.4569 3.10609 0.0571494 -3.13213
524.22 -147.297 64.4568 3.10609 0.0571491 -3.13213
524.22 -147.297 64.4567 3.10609 0.0571489 -3.13213
524.22 -147.297 64.4567 3.10609 0.0571489 -3.13213
524.22 -147.297 64.4566 3.10609 0.0571485 -3.13213
524.22 -147.296 64.4566 3.10609 0.0571482 -3.13213
524.22 -147.296 64.4564 3.10609 0.0571477 -3.13213
524.22 -147.296 64.4565 3.10609 0.0571478 -3.13213
524.22 -147.296 64.4564 3.10609 0.0571475 -3.13213
524.22 -147.296 64.4564 3.10609 0.0571474 -3.13213
524.22 -147.296 64.4564 3.10609 0.0571473 -3.13213
524.22 -147.296 64.4563 3.10609 0.0571469 -3.13213
524.22 -147.296 64.4563 3.10609 0.057147 -3.13213
524.22 -147.296 64.4563 3.10609 0.0571468 -3.13213
524.22 -147.296 64.4563 3.10609 0.0571468 -3.13213
524.22 -147.296 64.4562 3.10609 0.0571462 -3.13213
524.22 -147.296 64.4561 3.10609 0.0571462 -3.13213
524.22 -147.296 64.4561 3.10609 0.0571461 -3.13213
524.22 -147.296 64.4561 3.10609 0.0571459 -3.13213
524.22 -147.296 64.456 3.10609 0.0571456 -3.13213
524.22 -147.296 64.4558 3.10609 0.057145 -3.13213
524.22 -147.296 64.4558 3.10609 0.0571452 -3.13213
524.22 -147.296 64.4558 3.10609 0.0571449 -3.13213
524.22 -147.296 64.4556 3.10609 0.0571445 -3.13213
524.22 -147.295 64.4554 3.10609 0.0571441 -3.13213
524.22 -147.295 64.4554 3.10609 0.057144 -3.13213
524.22 -147.295 64.4553 3.10609 0.0571436 -3.13213
524.22 -147.295 64.4553 3.10609 0.0571436 -3.13213
524.22 -147.295 64.4552 3.10609 0.0571431 -3.13213
524.22 -147.295 64.4551 3.10609 0.0571431 -3.13213
524.22 -147.295 64.4551 3.10609 0.0571429 -3.13213
524.22 -147.295 64.4551 3.1061 0.0571427 -3.13213
524.22 -147.294 64.4549 3.10609 0.0571422 -3.13213
524.219 -147.294 64.4548 3.1061 0.057142 -3.13213
524.22 -147.294 64.4548 3.1061 0.057142 -3.13213
524.22 -147.294 64.4545 3.1061 0.0571415 -3.13213
524.22 -147.294 64.4547 3.1061 0.0571422 -3.13213
524.217 -147.291 64.4495 3.1061 0.0571319 -3.13214
524.207 -147.288 64.4297 3.10609 0.0570996 -3.13216
524.186 -147.304 64.3897 3.10604 0.0570394 -3.1322
524.151 -147.337 64.3426 3.10596 0.0569416 -3.13223
524.1 -147.392 64.297 3.10585 0.0567592 -3.13223
524.051 -147.447 64.2655 3.10576 0.056556 -3.13219
523.947 -147.617 64.2195 3.10551 0.0561929 -3.13209
523.871 -147.764 64.1958 3.10526 0.0559525 -3.13203
523.815 -147.901 64.1698 3.10498 0.055844 -3.13204
523.796 -148.016 64.163 3.10474 0.0558681 -3.13205
523.819 -148.105 64.1791 3.10458 0.0559584 -3.13203
523.855 -148.124 64.1941 3.10454 0.0560321 -3.132
523.875 -148.12 64.2002 3.10455 0.0560631 -3.13198
523.869 -148.118 64.1948 3.10455 0.0560467 -3.13199
523.84 -148.102 64.1589 3.10456 0.0559603 -3.13203
523.797 -148.074 64.1066 3.10459 0.0558193 -3.13208
523.744 -148.046 64.05 3.10461 0.0556107 -3.13212
523.668 -148.005 63.9806 3.10466 0.0552951 -3.13215
523.597 -147.954 63.9211 3.10472 0.055036 -3.13218
523.531 -147.906 63.8646 3.10479 0.0548268 -3.13224
523.47 -147.871 63.8065 3.10482 0.0546703 -3.13232
523.455 -147.883 63.7831 3.10478 0.0546327 -3.13234
523.445 -147.922 63.7673 3.10468 0.0546216 -3.13236
523.428 -147.988 63.7584 3.10454 0.0546164 -3.13236
523.385 -148.129 63.7382 3.10425 0.0545941 -3.13238
523.342 -148.277 63.7267 3.10393 0.054588 -3.13239
523.3 -148.421 63.724 3.10364 0.0545832 -3.13239
523.23 -148.659 63.7214 3.10318 0.0545761 -3.1324
523.165 -148.862 63.7087 3.10279 0.0545511 -3.1324
523.059 -149.161 63.6714 3.10219 0.0544837 -3.13242
522.973 -149.394 63.6344 3.10171 0.0544225 -3.13247
522.878 -149.622 63.5786 3.10125 0.054321 -3.13252
522.77 -149.862 63.5153 3.10077 0.0541666 -3.13253
522.527 -150.336 63.3703 3.09988 0.053627 -3.13241
522.238 -150.892 63.1596 3.09892 0.053028 -3.13216
521.997 -151.323 62.9493 3.09822 0.0525373 -3.13191
521.719 -151.776 62.695 3.09751 0.051896 -3.13158
521.278 -152.448 62.2721 3.09652 0.0507875 -3.13098
520.882 -153.022 61.8527 3.09566 0.0498315 -3.13052
520.55 -153.453 61.4665 3.09499 0.0490279 -3.1302
520.22 -153.841 61.0645 3.09434 0.0482169 -3.12997
519.788 -154.269 60.4894 3.09358 0.047116 -3.12981
519.555 -154.421 60.1312 3.09323 0.0464739 -3.12985
519.377 -154.448 59.8133 3.09303 0.0459278 -3.13005
519.242 -154.378 59.5246 3.09298 0.0454556 -3.13034
519.114 -154.217 59.1567 3.09298 0.0450708 -3.13087
519.05 -154.069 58.9096 3.09305 0.0449043 -3.13128
518.977 -153.898 58.6323 3.09314 0.0447004 -3.13174
518.909 -153.759 58.382 3.0932 0.0445273 -3.13214
518.816 -153.588 58.0009 3.09321 0.0444436 -3.13279
518.758 -153.498 57.7513 3.09316 0.0444327 -3.13322
518.676 -153.421 57.4888 3.09309 0.0442718 -3.1336
518.536 -153.353 57.1231 3.09295 0.0439472 -3.13403
518.418 -153.345 56.8681 3.09282 0.0436445 -3.13423
518.304 -153.366 56.611 3.09263 0.0433879 -3.13439
518.223 -153.392 56.3721 3.09241 0.0433705 -3.13461
518.147 -153.481 56.1094 3.09213 0.0434605 -3.13482
518.112 -153.598 55.9703 3.0919 0.0433146 -3.13475
518.12 -153.787 55.8547 3.09158 0.0432481 -3.13457
518.168 -153.99 55.7762 3.09124 0.043283 -3.13437
518.328 -154.362 55.6868 3.09061 0.0435145 -3.13398
518.438 -154.612 55.6572 3.09021 0.0437027 -3.1337
518.572 -154.908 55.6468 3.08975 0.0439529 -3.13335
518.817 -155.385 55.6536 3.08905 0.0444303 -3.13278
518.976 -155.651 55.6739 3.08866 0.0447556 -3.13247
519.148 -155.919 55.7075 3.08827 0.0451091 -3.13215
519.317 -156.256 55.7224 3.08781 0.0454477 -3.13172
519.382 -156.461 55.7108 3.08755 0.0455715 -3.13145
519.431 -156.671 55.6735 3.08728 0.0456409 -3.13117
519.441 -156.819 55.6191 3.0871 0.0456216 -3.13096
519.396 -157.052 55.4885 3.08682 0.0454443 -3.13063
519.342 -157.19 55.3826 3.08664 0.0452671 -3.13044
519.264 -157.332 55.2374 3.08645 0.0450168 -3.13026
519.128 -157.493 55.0345 3.08622 0.0446143 -3.13007
519.026 -157.602 54.8851 3.08607 0.0443034 -3.12995
518.917 -157.722 54.714 3.0859 0.0439567 -3.1298
518.819 -157.836 54.5449 3.08574 0.0436365 -3.12967
518.738 -157.933 54.387 3.08557 0.0433634 -3.12959
518.659 -158.007 54.2358 3.08542 0.0430964 -3.12957
518.548 -158.111 54.0309 3.08522 0.0427054 -3.12952
518.479 -158.209 53.879 3.08505 0.0424597 -3.12946
518.412 -158.286 53.7208 3.08491 0.0422217 -3.12943
518.324 -158.319 53.5566 3.08482 0.0419332 -3.12946
518.199 -158.308 53.369 3.08479 0.0415147 -3.12953
518.017 -158.239 53.0655 3.08477 0.0408495 -3.12973
517.919 -158.168 52.8523 3.08475 0.0404915 -3.12996
517.809 -158.067 52.5976 3.08475 0.0400812 -3.13026
517.717 -157.98 52.3832 3.08476 0.0397357 -3.13051
517.559 -157.811 51.9923 3.08479 0.0391243 -3.13098
517.461 -157.691 51.7269 3.08482 0.0387273 -3.1313
517.391 -157.587 51.5067 3.08485 0.0384132 -3.13156
517.359 -157.531 51.404 3.08487 0.0382655 -3.13169
517.34 -157.415 51.2256 3.0849 0.0380718 -3.13199
517.408 -157.371 51.1819 3.08486 0.0381523 -3.13215
517.562 -157.379 51.2126 3.08476 0.0384467 -3.13223
517.674 -157.414 51.251 3.08466 0.0386774 -3.13223
517.782 -157.462 51.2803 3.08454 0.0388964 -3.13222
517.85 -157.5 51.2718 3.08444 0.0390109 -3.13222
517.881 -157.515 51.2432 3.08438 0.0390417 -3.13225
517.904 -157.517 51.1971 3.08431 0.0390415 -3.13231
517.938 -157.505 51.1356 3.08421 0.0390527 -3.13244
517.97 -157.486 51.1073 3.08416 0.0391045 -3.13255
518.018 -157.453 51.0944 3.08414 0.0391973 -3.13267
518.105 -157.398 51.1026 3.08414 0.0393567 -3.13283
518.165 -157.374 51.122 3.08414 0.0394768 -3.1329
518.228 -157.367 51.1445 3.08412 0.0396055 -3.13294
518.318 -157.388 51.1594 3.08405 0.0397765 -3.13295
518.376 -157.407 51.1616 3.08399 0.0398785 -3.13295
518.421 -157.423 51.1585 3.08394 0.0399542 -3.13296
518.469 -157.454 51.1349 3.08386 0.0400216 -3.13296
518.491 -157.478 51.1132 3.0838 0.0400514 -3.13296
518.519 -157.505 51.1048 3.08374 0.040111 -3.13296
518.557 -157.531 51.1047 3.08368 0.0402006 -3.13296
518.594 -157.553 51.1059 3.08363 0.0402883 -3.13295
518.632 -157.57 51.1091 3.0836 0.0403778 -3.13295
518.679 -157.576 51.1187 3.08357 0.0405204 -3.13298
518.767 -157.569 51.1392 3.08354 0.0407571 -3.13304
518.842 -157.56 51.1549 3.08352 0.0409388 -3.1331
518.933 -157.556 51.1677 3.08348 0.041152 -3.13316
519.025 -157.546 51.1799 3.08345 0.0413357 -3.13322
519.181 -157.516 51.1912 3.0834 0.0416099 -3.13332
519.319 -157.485 51.1973 3.08337 0.0418429 -3.13342
519.434 -157.449 51.1945 3.08335 0.0420303 -3.13352
519.577 -157.398 51.1958 3.08333 0.0423081 -3.13368
519.577 -157.398 51.1958 3.08333 0.0423081 -3.13368
519.957 -157.209 51.1972 3.08334 0.0429477 -3.13412
520.111 -157.165 51.1967 3.08331 0.0431937 -3.13424
520.304 -157.13 51.1974 3.08326 0.0435323 -3.13435
520.466 -157.097 51.2093 3.08323 0.0438147 -3.13445
520.697 -157.052 51.2272 3.08316 0.0442148 -3.13461
520.849 -157.033 51.2402 3.0831 0.044478 -3.13471
521.03 -157.037 51.2454 3.08299 0.0448145 -3.1348
521.191 -157.049 51.2513 3.08288 0.0451413 -3.1349
521.335 -157.065 51.2548 3.08276 0.0454442 -3.13499
521.512 -157.076 51.2569 3.08263 0.0459111 -3.13516
521.666 -157.09 51.2588 3.08251 0.0463062 -3.13528
521.842 -157.119 51.2642 3.08236 0.0467784 -3.13541
522.161 -157.152 51.2768 3.08214 0.0479095 -3.13576
522.318 -157.183 51.2864 3.08201 0.0483461 -3.13587
522.435 -157.218 51.2956 3.0819 0.0485909 -3.13589
522.665 -157.307 51.3086 3.08166 0.0490461 -3.13589
522.844 -157.36 51.3221 3.0815 0.0495004 -3.13595
523.003 -157.395 51.3311 3.08137 0.0499199 -3.13603
523.163 -157.417 51.3328 3.08124 0.0502962 -3.13612
523.295 -157.437 51.3339 3.08113 0.0505378 -3.13616
523.503 -157.472 51.3381 3.08094 0.0509203 -3.13622
523.688 -157.49 51.353 3.08081 0.0513799 -3.13633
523.868 -157.509 51.3623 3.08066 0.0518317 -3.13645
524.135 -157.549 51.3795 3.08043 0.0524317 -3.13658
524.352 -157.579 51.4015 3.08026 0.0529509 -3.13669
524.541 -157.612 51.4206 3.08011 0.0533903 -3.13677
524.751 -157.644 51.4405 3.07994 0.0538495 -3.13685
525.052 -157.687 51.4566 3.07973 0.0544621 -3.13695
525.223 -157.725 51.4539 3.0796 0.0547474 -3.13695
525.392 -157.772 51.4465 3.07945 0.0550471 -3.13695
525.574 -157.808 51.4468 3.07931 0.0554289 -3.13699
525.775 -157.842 51.4511 3.07918 0.0557999 -3.137
526.043 -157.871 51.459 3.07901 0.056326 -3.13707
526.217 -157.867 51.4606 3.07891 0.0567147 -3.13717
526.381 -157.86 51.4628 3.07883 0.0570328 -3.13725
526.561 -157.852 51.4607 3.07874 0.0573486 -3.13733
526.848 -157.826 51.4736 3.0786 0.0579772 -3.13753
527.023 -157.811 51.486 3.07849 0.0583811 -3.13767
527.244 -157.804 51.5027 3.07834 0.0589302 -3.13784
527.454 -157.813 51.5215 3.0782 0.0594557 -3.13797
527.652 -157.827 51.5422 3.07807 0.0599225 -3.13808
528.007 -157.851 51.5635 3.07785 0.0607582 -3.13826
528.199 -157.886 51.5601 3.07771 0.0611021 -3.13828
528.41 -157.938 51.5445 3.07755 0.0614911 -3.13829
528.577 -157.976 51.5308 3.07742 0.0618277 -3.13832
528.854 -158.034 51.5293 3.0772 0.0623611 -3.13838
529.041 -158.077 51.5414 3.07705 0.0627307 -3.1384
529.244 -158.127 51.5755 3.0769 0.0632095 -3.13843
529.421 -158.183 51.5929 3.07675 0.0635896 -3.13844
529.621 -158.235 51.605 3.07659 0.0640743 -3.1385
529.848 -158.283 51.6107 3.07641 0.0646263 -3.13858
530.065 -158.317 51.628 3.07627 0.0652378 -3.1387
530.251 -158.333 51.6297 3.07616 0.0657173 -3.13882
530.425 -158.336 51.6228 3.07606 0.0660313 -3.13889
530.698 -158.326 51.6158 3.07593 0.0665555 -3.13903
530.833 -158.322 51.5988 3.07585 0.0667635 -3.13909
530.942 -158.316 51.5712 3.07578 0.0669182 -3.13917
531.076 -158.303 51.5658 3.07571 0.0671319 -3.13924
531.202 -158.31 51.5861 3.07564 0.0673633 -3.13929
531.409 -158.338 51.6245 3.07549 0.0678296 -3.13937
531.469 -158.345 51.631 3.07545 0.0679507 -3.13941
531.54 -158.339 51.6253 3.0754 0.0680657 -3.13946
531.548 -158.304 51.5541 3.07539 0.0680107 -3.13956
531.537 -158.292 51.5278 3.07539 0.0679693 -3.13959
531.509 -158.258 51.466 3.07539 0.0678641 -3.13968
531.501 -158.243 51.4463 3.0754 0.067827 -3.13972
531.494 -158.229 51.4389 3.07541 0.0677998 -3.13974
531.478 -158.202 51.4347 3.07544 0.067761 -3.13978
531.454 -158.163 51.4279 3.07549 0.067707 -3.13984
531.421 -158.122 51.4177 3.07553 0.0676387 -3.1399
531.389 -158.083 51.4064 3.07558 0.0675694 -3.13995
531.366 -158.046 51.3997 3.07562 0.067521 -3.14001
531.34 -158 51.3927 3.07568 0.0674622 -3.14007
531.259 -157.881 51.3705 3.07584 0.0672626 -3.14022
531.189 -157.771 51.3513 3.07599 0.067095 -3.14036
531.094 -157.627 51.3248 3.07618 0.0668528 -3.14053
531.01 -157.493 51.303 3.07637 0.0666277 -3.14068
530.935 -157.356 51.2852 3.07655 0.066417 -3.14082
530.87 -157.204 51.2765 3.07676 0.0662348 -3.14099
530.808 -157.012 51.2719 3.07702 0.0660426 -3.14121
530.761 -156.83 51.2756 3.07726 0.0658955 -3.14142
530.712 -156.661 51.2799 3.07749 0.0657324 3.14159
530.659 -156.458 51.2812 3.07776 0.0655549 3.14137
530.607 -156.264 51.2795 3.07803 0.0653736 3.14117
530.556 -156.066 51.2826 3.0783 0.0652066 3.14097
530.503 -155.868 51.2844 3.07858 0.0649949 3.14079
530.456 -155.678 51.2794 3.07886 0.0647898 3.14063
530.416 -155.461 51.273 3.07916 0.064645 3.14042
530.374 -155.177 51.2666 3.07955 0.0645111 3.14012
530.32 -154.911 51.2558 3.07992 0.064359 3.13984
530.258 -154.437 51.2551 3.08056 0.0641681 3.13931
530.233 -154.097 51.2661 3.08101 0.0640682 3.13894
530.213 -153.818 51.2752 3.08137 0.0639898 3.13862
530.192 -153.557 51.279 3.0817 0.0639043 3.13832
530.16 -153.263 51.2773 3.08209 0.0637851 3.13801
530.115 -152.978 51.2668 3.08245 0.0636391 3.13769
530.069 -152.761 51.2552 3.08271 0.0635092 3.13744
530.019 -152.494 51.247 3.08303 0.0633772 3.13711
529.945 -152.083 51.2246 3.08354 0.0631678 3.1366
529.88 -151.797 51.1996 3.08388 0.0629886 3.13623
529.79 -151.538 51.1682 3.08421 0.0627686 3.13591
529.681 -151.284 51.1358 3.08456 0.0625184 3.13561
529.586 -151.059 51.1097 3.08487 0.0623033 3.13535
529.516 -150.861 51.0962 3.08514 0.0621464 3.13511
529.46 -150.634 51.0989 3.08542 0.0620288 3.13481
529.437 -150.372 51.1204 3.08572 0.061985 3.13444
529.422 -150.068 51.1475 3.08605 0.061954 3.13401
529.398 -149.74 51.1691 3.08642 0.0619139 3.13355
529.361 -149.437 51.1769 3.08677 0.0618254 3.13316
529.337 -149.085 51.1836 3.08717 0.0617943 3.1327
529.353 -148.582 51.1885 3.08765 0.0619331 3.13197
529.369 -148.27 51.1867 3.08795 0.0619561 3.13154
529.372 -147.934 51.1718 3.08831 0.0618838 3.13112
529.37 -147.701 51.1531 3.0886 0.061816 3.13087
529.374 -147.509 51.1392 3.08886 0.0617676 3.13068
529.394 -147.366 51.144 3.08905 0.0617693 3.13055
529.429 -147.262 51.1613 3.08921 0.0618097 3.13049
529.44 -147.247 51.1647 3.08924 0.0618195 3.1305
529.438 -147.262 51.1645 3.08922 0.0618177 3.13052
529.431 -147.309 51.1651 3.08916 0.0618162 3.13056
529.418 -147.422 51.1721 3.08901 0.0618326 3.13067
529.411 -147.49 51.175 3.08893 0.0618374 3.13075
529.405 -147.718 51.2147 3.08867 0.061902 3.13104
529.41 -147.872 51.2748 3.08851 0.0619905 3.13126
529.422 -148.044 51.3801 3.08836 0.0621299 3.13154
529.446 -148.193 51.5155 3.08825 0.0623064 3.1318
529.489 -148.341 51.7196 3.08818 0.0625458 3.13212
529.523 -148.467 51.9867 3.08817 0.0627917 3.13246
529.605 -148.642 52.4666 3.08825 0.0632158 3.13306
529.734 -148.812 52.9505 3.08832 0.0636826 3.13367
529.872 -148.999 53.4876 3.08838 0.0642007 3.13433
530.019 -149.203 54.0703 3.08844 0.0647929 3.13502
530.144 -149.41 54.6444 3.08849 0.0653696 3.13569
530.317 -149.756 55.6279 3.08869 0.0663099 3.13683
530.398 -150.005 56.2903 3.08885 0.0668789 3.13763
530.462 -150.236 56.9351 3.08902 0.0673818 3.13841
530.481 -150.506 57.6328 3.08917 0.0677142 3.13934
530.446 -150.825 58.4652 3.08935 0.0679791 3.14046
530.411 -151.036 59.0438 3.08945 0.0683203 3.14114
530.373 -151.225 59.5477 3.08953 0.068613 -3.14145
530.303 -151.385 60.0328 3.08967 0.0687935 -3.14084
530.181 -151.513 60.4456 3.08984 0.0687254 -3.14024
529.968 -151.703 60.9616 3.09004 0.0684354 -3.13937
529.777 -151.835 61.2091 3.09017 0.0681255 -3.13881
529.594 -151.976 61.3954 3.09026 0.0678422 -3.1383
529.351 -152.132 61.5286 3.09035 0.0673969 -3.13774
529.009 -152.308 61.6606 3.09045 0.0666622 -3.13708
528.715 -152.456 61.7349 3.0905 0.0658529 -3.13652
528.564 -152.535 61.7586 3.0905 0.0654739 -3.13627
528.188 -152.738 61.7998 3.0905 0.0646092 -3.13567
527.96 -152.895 61.8041 3.09046 0.0641426 -3.13529
527.732 -153.088 61.8039 3.09035 0.0636215 -3.13486
527.53 -153.258 61.7963 3.09024 0.0631696 -3.13452
527.319 -153.416 61.7893 3.09013 0.0626483 -3.1342
527.111 -153.564 61.7804 3.09002 0.0620815 -3.13388
526.946 -153.717 61.7774 3.08989 0.0617049 -3.13361
526.793 -153.95 61.7839 3.08966 0.0614924 -3.13329
526.734 -154.112 61.808 3.08949 0.061449 -3.13307
526.7 -154.222 61.8302 3.08937 0.061435 -3.13293
526.638 -154.457 61.8886 3.08909 0.0614287 -3.13264
526.602 -154.607 61.9289 3.0889 0.0614394 -3.13248
526.548 -154.78 61.967 3.08869 0.0613908 -3.13229
526.471 -154.938 61.9819 3.08849 0.0612265 -3.13209
526.381 -155.09 61.9692 3.08831 0.0610081 -3.13188
526.254 -155.283 61.9336 3.08808 0.0607011 -3.13162
526.135 -155.437 61.8863 3.0879 0.0604433 -3.13143
525.995 -155.581 61.8199 3.08774 0.0601268 -3.13124
525.819 -155.72 61.7287 3.08759 0.0597313 -3.13106
525.629 -155.852 61.6291 3.08744 0.0593259 -3.13091
525.384 -156.007 61.494 3.08728 0.0588338 -3.13074
525.203 -156.093 61.3832 3.08719 0.0584436 -3.13063
525.038 -156.152 61.2776 3.08715 0.0580528 -3.13055
524.865 -156.205 61.1499 3.0871 0.0576226 -3.13047
524.691 -156.253 60.9917 3.08705 0.0571893 -3.13042
524.492 -156.298 60.7669 3.08698 0.0566645 -3.13041
524.415 -156.305 60.6663 3.08695 0.0564477 -3.13044
524.218 -156.309 60.3607 3.08686 0.0558559 -3.13057
524.108 -156.308 60.1515 3.08679 0.055494 -3.13068
524.01 -156.31 59.9523 3.08673 0.0551628 -3.13077
523.937 -156.326 59.77 3.08665 0.0548992 -3.13084
523.884 -156.34 59.5954 3.08655 0.0546855 -3.13093
523.86 -156.341 59.4543 3.08647 0.054571 -3.13104
523.83 -156.328 59.2972 3.0864 0.054412 -3.13117
523.805 -156.312 59.1504 3.08634 0.0542465 -3.1313
523.777 -156.282 58.9425 3.08625 0.0540312 -3.13149
523.771 -156.268 58.8035 3.08618 0.0539264 -3.13163
523.783 -156.255 58.6538 3.08608 0.0539121 -3.13181
523.796 -156.257 58.5185 3.08598 0.0539558 -3.13198
523.819 -156.276 58.3302 3.08583 0.0540595 -3.1322
523.84 -156.305 58.183 3.08568 0.0541312 -3.13234
523.871 -156.357 57.9228 3.08544 0.0542053 -3.13256
523.889 -156.399 57.7213 3.08527 0.0543247 -3.13275
523.892 -156.444 57.5252 3.08511 0.0544231 -3.13292
523.863 -156.482 57.3172 3.08495 0.0543351 -3.13305
523.825 -156.504 57.1249 3.08482 0.0541624 -3.13317
523.768 -156.517 56.9021 3.08469 0.05393 -3.13332
523.664 -156.518 56.5841 3.08454 0.0535186 -3.13352
523.581 -156.5 56.3603 3.08446 0.053194 -3.13369
523.496 -156.47 56.1592 3.0844 0.0528805 -3.13385
523.4 -156.427 55.9448 3.08436 0.0525352 -3.13403
523.282 -156.359 55.6854 3.08433 0.0521144 -3.13428
523.169 -156.28 55.4235 3.08431 0.0516972 -3.13454
523.052 -156.196 55.1458 3.0843 0.0512595 -3.13481
522.941 -156.109 54.8311 3.08426 0.0508036 -3.13511
522.871 -156.057 54.5972 3.08421 0.0504837 -3.13532
522.821 -156.018 54.3591 3.08413 0.0501903 -3.13551
522.784 -156.003 54.1391 3.08404 0.0499366 -3.13565
522.753 -156.014 53.8682 3.08387 0.0496523 -3.13577
522.721 -156.044 53.6148 3.08371 0.0493881 -3.13585
522.683 -156.09 53.3715 3.08351 0.0491322 -3.13591
522.646 -156.157 53.1096 3.08325 0.0488711 -3.13597
522.632 -156.231 52.8659 3.08294 0.0486667 -3.13603
522.642 -156.349 52.4982 3.08245 0.048414 -3.13615
522.645 -156.433 52.2483 3.08211 0.0482648 -3.13623
522.65 -156.53 51.9599 3.08174 0.0481804 -3.13637
522.697 -156.613 51.7053 3.08142 0.0483722 -3.1366
522.796 -156.7 51.4614 3.0811 0.048892 -3.13692
522.875 -156.789 51.3095 3.08085 0.0492006 -3.13708
522.987 -156.896 51.1859 3.08054 0.0493841 -3.13716
523.08 -156.949 51.1745 3.08041 0.04956 -3.13716
523.144 -156.987 51.1955 3.08033 0.0497015 -3.13714
523.201 -157 51.2251 3.08029 0.0498283 -3.13714
523.232 -156.972 51.2451 3.08032 0.0498957 -3.13719
523.235 -156.888 51.2443 3.08041 0.0498879 -3.13732
523.223 -156.811 51.2227 3.08048 0.049838 -3.13745
523.193 -156.726 51.1908 3.08056 0.0497522 -3.1376
523.155 -156.618 51.1547 3.08066 0.049647 -3.13779
523.122 -156.527 51.1262 3.08075 0.049557 -3.13795
523.092 -156.451 51.1056 3.08083 0.0494798 -3.13807
523.053 -156.328 51.0869 3.08097 0.0493847 -3.13826
523.042 -156.24 51.0884 3.08107 0.0493571 -3.13839
523.028 -156.123 51.0926 3.08122 0.0493161 -3.13854
523.004 -155.988 51.0914 3.08139 0.04925 -3.13872
522.981 -155.84 51.0849 3.08158 0.0491731 -3.1389
522.953 -155.663 51.0739 3.08181 0.0490728 -3.1391
522.903 -155.354 51.0573 3.08223 0.0489168 -3.13946
522.87 -155.138 51.0528 3.08252 0.0488209 -3.13972
522.837 -154.893 51.0538 3.08285 0.048724 -3.14001
522.799 -154.642 51.0543 3.08319 0.0486174 -3.1403
522.768 -154.419 51.0554 3.08351 0.0485236 -3.14054
522.736 -154.204 51.0535 3.08382 0.0484214 -3.14077
522.694 -153.971 51.0459 3.08417 0.0482436 -3.14096
522.635 -153.66 51.0366 3.08465 0.0479495 -3.14117
522.59 -153.448 51.0351 3.08498 0.0477326 -3.14133
522.532 -153.219 51.0351 3.08532 0.0474539 -3.1415
522.485 -153.035 51.0367 3.0856 0.0472357 3.14155
522.448 -152.85 51.0449 3.08588 0.0470342 3.14141
522.429 -152.686 51.0649 3.08611 0.0469109 3.14127
522.429 -152.485 51.089 3.08638 0.0468932 3.14104
522.425 -152.276 51.1069 3.08665 0.0468682 3.14078
522.411 -152.055 51.116 3.08694 0.0468193 3.14052
522.397 -151.794 51.125 3.08729 0.046762 3.14023
522.366 -151.402 51.1347 3.08784 0.0466622 3.1398
522.337 -151.129 51.1378 3.08821 0.0465766 3.13949
522.311 -150.881 51.1359 3.08854 0.0464963 3.1392
522.288 -150.582 51.129 3.08894 0.0463993 3.13886
522.273 -150.323 51.1078 3.08929 0.0463029 3.13859
522.266 -150.101 51.0947 3.08958 0.0462355 3.13834
522.264 -149.899 51.0792 3.08984 0.0461756 3.13813
522.272 -149.69 51.0728 3.09012 0.0461368 3.13792
522.279 -149.514 51.0752 3.09036 0.0461142 3.13774
522.282 -149.329 51.0837 3.0906 0.0460951 3.13752
522.285 -149.095 51.091 3.09089 0.0460718 3.13723
522.284 -148.943 51.0927 3.09108 0.0460494 3.13703
522.275 -148.783 51.0878 3.09128 0.0460068 3.13682
522.259 -148.621 51.0764 3.09148 0.0459497 3.1366
522.234 -148.471 51.0659 3.09167 0.0458781 3.13641
522.221 -148.401 51.0612 3.09177 0.0458399 3.13633
522.215 -148.348 51.063 3.09184 0.0458231 3.13627
522.215 -148.31 51.0698 3.09188 0.0458276 3.13621
522.217 -148.272 51.078 3.09193 0.0458363 3.13615
522.221 -148.205 51.0897 3.09199 0.0458501 3.13604
522.226 -148.089 51.0993 3.09211 0.0458527 3.13586
522.234 -147.96 51.1082 3.09224 0.0458647 3.13566
522.243 -147.782 51.1172 3.09244 0.0458722 3.13541
522.25 -147.436 51.1109 3.0928 0.0458631 3.1349
522.246 -147.239 51.0924 3.09302 0.0458141 3.13461
522.241 -147.079 51.0753 3.09319 0.0457769 3.13437
522.244 -146.932 51.0722 3.09335 0.0457647 3.13416
522.243 -146.763 51.0694 3.09354 0.0457374 3.13393
522.241 -146.719 51.0726 3.09359 0.0457327 3.13386
522.241 -146.64 51.0833 3.09369 0.0457342 3.13375
522.245 -146.484 51.1001 3.09386 0.0457328 3.13353
522.217 -146.359 51.0938 3.09399 0.0456638 3.13335
522.187 -146.293 51.0823 3.09408 0.0455959 3.13326
522.176 -146.27 51.0751 3.09411 0.0455673 3.13323
522.179 -146.265 51.0769 3.09412 0.0455719 3.13323
522.18 -146.265 51.0795 3.09412 0.0455783 3.13323
522.19 -146.266 51.0956 3.09412 0.0456134 3.13322
522.194 -146.268 51.1007 3.09412 0.0456251 3.13323
522.229 -146.305 51.157 3.09411 0.0457436 3.1333
522.273 -146.366 51.2331 3.09406 0.0458959 3.1334
522.323 -146.452 51.3328 3.09398 0.0460832 3.13354
522.375 -146.557 51.4339 3.09388 0.046266 3.13371
522.417 -146.664 51.5306 3.09375 0.0464415 3.13385
522.443 -146.798 51.6125 3.0936 0.0465761 3.13404
522.45 -146.94 51.6749 3.09345 0.0466604 3.13424
522.44 -147.058 51.7191 3.09333 0.0466958 3.13443
522.424 -147.145 51.7589 3.09326 0.0467096 3.13457
522.398 -147.244 51.7984 3.09316 0.0466939 3.13473
522.388 -147.364 51.8601 3.09305 0.0467185 3.13493
522.42 -147.519 51.9987 3.0929 0.046922 3.13517
522.457 -147.634 52.1289 3.0928 0.0471079 3.13537
522.475 -147.772 52.2643 3.09268 0.0472075 3.13562
522.479 -147.917 52.419 3.0926 0.0471903 3.13596
522.481 -148.084 52.5878 3.0925 0.0471396 3.13637
522.517 -148.276 52.7907 3.09238 0.0472963 3.13677
522.572 -148.475 53.01 3.09228 0.0475821 3.13716
522.628 -148.644 53.217 3.09219 0.0478657 3.13749
522.686 -148.829 53.4587 3.0921 0.0481486 3.13788
522.736 -148.993 53.6642 3.09201 0.0483939 3.13822
522.81 -149.21 53.9357 3.09186 0.0487113 3.13868
522.884 -149.407 54.1847 3.09173 0.049033 3.13908
522.957 -149.6 54.4349 3.0916 0.0493682 3.13947
523.052 -149.884 54.8307 3.09143 0.0498905 3.14006
523.076 -149.974 54.9701 3.09139 0.0500613 3.14026
523.112 -150.195 55.3296 3.09134 0.0504581 3.14078
523.106 -150.308 55.5269 3.09133 0.0506293 3.14107
523.069 -150.43 55.7288 3.09132 0.0506954 3.14139
523.016 -150.546 55.9279 3.09132 0.0507011 -3.14146
522.949 -150.641 56.1066 3.09133 0.0506599 -3.14118
522.873 -150.716 56.268 3.09136 0.0505887 -3.14094
522.781 -150.798 56.4465 3.09138 0.0504867 -3.14068
522.648 -150.947 56.6788 3.09137 0.0502134 -3.14023
522.571 -151.065 56.8458 3.09132 0.0500393 -3.1399
522.522 -151.207 57.0287 3.09124 0.0500675 -3.13961
522.49 -151.336 57.1844 3.09115 0.0501664 -3.13939
522.435 -151.56 57.4159 3.09097 0.050288 -3.13902
522.393 -151.729 57.5859 3.09083 0.0503866 -3.13875
522.361 -151.948 57.7882 3.09065 0.050545 -3.1384
522.342 -152.128 57.9626 3.09049 0.0506759 -3.1381
522.3 -152.354 58.1811 3.09031 0.0507525 -3.1377
522.257 -152.519 58.3406 3.09019 0.0507659 -3.13738
522.225 -152.655 58.469 3.09009 0.0508249 -3.13713
522.201 -152.807 58.6178 3.08997 0.0509465 -3.13688
522.187 -152.976 58.7964 3.08983 0.0511226 -3.13662
522.155 -153.172 59.0128 3.08968 0.0513047 -3.1363
522.112 -153.316 59.1662 3.08956 0.0514031 -3.13607
522.064 -153.444 59.2893 3.08946 0.0514644 -3.13588
521.989 -153.653 59.4945 3.0893 0.0515618 -3.13554
521.928 -153.813 59.6354 3.08917 0.0516004 -3.13529
521.864 -153.979 59.7651 3.08902 0.0516113 -3.13503
521.809 -154.136 59.8886 3.08888 0.051616 -3.13477
521.747 -154.295 59.9998 3.08874 0.0515807 -3.1345
521.685 -154.457 60.1201 3.0886 0.0515407 -3.13423
521.62 -154.606 60.2184 3.08845 0.0514678 -3.134
521.542 -154.755 60.3261 3.08832 0.0513284 -3.13372
521.431 -154.913 60.4203 3.08818 0.0510613 -3.13342
521.283 -155.146 60.5544 3.08796 0.0508017 -3.13303
521.233 -155.225 60.598 3.08788 0.0507568 -3.13292
521.069 -155.45 60.7077 3.08767 0.0505961 -3.1326
520.943 -155.588 60.745 3.08755 0.0504276 -3.13241
520.798 -155.747 60.7615 3.08738 0.0502408 -3.13221
520.629 -155.887 60.7461 3.08725 0.0499823 -3.13203
520.436 -156.01 60.6976 3.08715 0.0496414 -3.13187
520.238 -156.112 60.6322 3.08706 0.0492722 -3.13174
520.015 -156.227 60.5406 3.08693 0.0488503 -3.13163
519.842 -156.315 60.4569 3.08683 0.0485118 -3.13156
519.65 -156.421 60.3572 3.08671 0.0481319 -3.13145
519.434 -156.57 60.2394 3.08655 0.0476968 -3.13128
519.243 -156.721 60.1352 3.08638 0.0473168 -3.1311
519.037 -156.888 60.016 3.0862 0.0469015 -3.1309
518.768 -157.105 59.8476 3.08593 0.0463545 -3.13067
518.585 -157.26 59.7145 3.08573 0.0459705 -3.13054
518.422 -157.428 59.5718 3.08549 0.0456083 -3.13038
518.263 -157.614 59.4033 3.08523 0.0452317 -3.13021
518.138 -157.774 59.2549 3.08499 0.0449261 -3.13007
518.029 -157.912 59.1172 3.08478 0.0446602 -3.12996
517.919 -158.04 58.9713 3.08457 0.04438 -3.12989
517.811 -158.17 58.8015 3.08433 0.0440822 -3.12983
517.737 -158.268 58.6529 3.08414 0.0438521 -3.12981
517.69 -158.357 58.5087 3.08395 0.0437034 -3.12981
517.662 -158.442 58.3407 3.08376 0.0436087 -3.12984
517.635 -158.49 58.1669 3.08361 0.0435755 -3.12995
517.594 -158.501 57.9739 3.0835 0.0435679 -3.13014
517.502 -158.436 57.6143 3.08341 0.0436494 -3.13068
517.404 -158.359 57.3401 3.08337 0.0434487 -3.13105
517.258 -158.252 57.0138 3.08336 0.0429696 -3.13142
517.119 -158.163 56.7082 3.08333 0.0424834 -3.13173
516.94 -158.065 56.3281 3.08329 0.0418556 -3.1321
516.781 -157.967 55.9755 3.08325 0.041306 -3.13246
516.6 -157.844 55.5533 3.08321 0.0407204 -3.13293
516.357 -157.701 55.0031 3.08314 0.0399219 -3.13349
516.27 -157.661 54.8112 3.08311 0.0396388 -3.13368
515.977 -157.536 54.1672 3.083 0.0386976 -3.13426
515.83 -157.48 53.7924 3.0829 0.0382476 -3.1346
515.731 -157.447 53.4568 3.08276 0.0379934 -3.13494
515.675 -157.409 53.0785 3.08259 0.0380175 -3.13544
515.642 -157.353 52.5798 3.08235 0.0379982 -3.13608
515.649 -157.328 52.305 3.08219 0.0379766 -3.13642
515.687 -157.322 52.0352 3.08198 0.0379797 -3.13674
515.755 -157.344 51.8693 3.08179 0.0380613 -3.13693
515.853 -157.391 51.7489 3.08159 0.038228 -3.13705
515.96 -157.478 51.6576 3.08136 0.0383851 -3.13708
516.058 -157.602 51.6078 3.08111 0.0385281 -3.13699
516.148 -157.748 51.5675 3.08085 0.038662 -3.13685
516.21 -157.878 51.5328 3.08063 0.0387498 -3.13671
516.227 -157.971 51.4828 3.08048 0.0387441 -3.13661
516.187 -158.087 51.3721 3.08027 0.0385925 -3.1365
516.133 -158.139 51.2899 3.08018 0.0384372 -3.13646
516.056 -158.163 51.1675 3.08008 0.038206 -3.13649
516.028 -158.149 51.1104 3.08004 0.0381099 -3.13654
516.01 -158.121 51.0652 3.08001 0.038037 -3.13662
516.011 -158.066 51.046 3.08003 0.0380098 -3.1367
516.015 -157.936 51.0374 3.08015 0.0379784 -3.13685
516.024 -157.826 51.0437 3.08027 0.0379751 -3.13698
516.035 -157.662 51.0552 3.08045 0.0379735 -3.13719
516.035 -157.43 51.0621 3.08073 0.0379381 -3.13748
516.011 -157.002 51.0593 3.08128 0.0378171 -3.13801
515.982 -156.708 51.0493 3.08166 0.037713 -3.13839
515.939 -156.352 51.0326 3.08213 0.0375679 -3.13884
515.897 -156.07 51.0128 3.0825 0.0374303 -3.13918
515.848 -155.776 50.9945 3.08291 0.0372751 -3.13952
515.787 -155.486 50.9785 3.08333 0.0370995 -3.13983
515.703 -155.174 50.9641 3.08379 0.0368449 -3.14014
515.639 -154.914 50.9612 3.08418 0.0365894 -3.14038
515.583 -154.59 50.9759 3.08465 0.0362269 -3.14064
515.584 -154.353 50.9994 3.08498 0.0361061 -3.14085
515.596 -154.147 51.0181 3.08526 0.0360696 -3.14105
515.62 -153.926 51.0403 3.08554 0.0360805 -3.14129
515.657 -153.721 51.0585 3.0858 0.0361112 -3.14151
515.702 -153.556 51.0687 3.08599 0.0361625 3.1415
515.76 -153.313 51.073 3.08626 0.0362029 3.14121
515.819 -153.067 51.0713 3.0865 0.0362441 3.14089
515.883 -152.839 51.0616 3.08672 0.0362936 3.14057
515.953 -152.603 51.059 3.08692 0.0363581 3.14024
516.018 -152.37 51.0573 3.08714 0.0364066 3.13993
516.082 -152.112 51.0429 3.08745 0.0364337 3.13964
516.114 -151.956 51.028 3.08767 0.0364281 3.1395
516.151 -151.766 51.0227 3.08792 0.036429 3.13932
516.177 -151.529 51.0151 3.08819 0.036404 3.13904
516.189 -151.327 51.0162 3.08842 0.0363803 3.13878
516.202 -151.102 51.0195 3.08869 0.0363484 3.13851
516.223 -150.797 51.0216 3.08905 0.0363135 3.13814
516.228 -150.572 51.0138 3.08929 0.0362548 3.13784
516.221 -150.375 51.0042 3.08952 0.0361569 3.13761
516.234 -150.018 50.9902 3.08991 0.0360308 3.13719
516.253 -149.783 50.9851 3.09017 0.0359655 3.13691
516.269 -149.605 50.9883 3.09038 0.0358965 3.13672
516.294 -149.411 50.9949 3.09059 0.0358759 3.13648
516.33 -149.111 51.0037 3.09092 0.0358289 3.13612
516.327 -148.937 51.0023 3.09113 0.0357555 3.13591
516.315 -148.716 50.999 3.09137 0.0356736 3.13563
516.288 -148.465 50.9862 3.09165 0.0355466 3.13532
516.243 -148.269 50.9674 3.09191 0.0354088 3.13509
516.192 -148.125 50.9541 3.09211 0.035282 3.13493
516.155 -147.983 50.9485 3.09232 0.0351881 3.13478
516.132 -147.78 50.9632 3.09253 0.0351285 3.13449
516.135 -147.644 50.9892 3.09265 0.0351443 3.13425
516.158 -147.504 51.0233 3.09278 0.0351991 3.13402
516.177 -147.315 51.055 3.09297 0.0352273 3.13374
516.177 -147.084 51.0656 3.09317 0.0351882 3.13339
516.172 -146.995 51.0597 3.09324 0.0351552 3.13325
516.167 -146.74 51.0252 3.09349 0.0350555 3.13289
516.173 -146.662 51.0123 3.09358 0.0350341 3.1328
516.189 -146.513 50.9879 3.09377 0.0350009 3.13264
516.182 -146.475 50.9823 3.09382 0.034975 3.13259
516.182 -146.471 50.9839 3.09383 0.034977 3.13258
516.194 -146.479 50.9974 3.0938 0.0350201 3.13255
516.198 -146.481 51.0061 3.09378 0.0350434 3.13252
516.206 -146.46 51.0166 3.0938 0.0350681 3.13248
516.218 -146.412 51.0283 3.09385 0.0350922 3.13241
516.223 -146.336 51.0405 3.09395 0.0351036 3.13231
516.212 -146.202 51.0486 3.09411 0.0350757 3.13212
516.185 -146.022 51.0451 3.09433 0.0350047 3.13187
516.143 -145.804 51.029 3.0946 0.0348924 3.13158
516.097 -145.571 51.0051 3.09491 0.0347631 3.13128
516.064 -145.373 50.9843 3.09519 0.0346537 3.13106
516.031 -145.201 50.97 3.09547 0.0345454 3.13092
516.009 -145.1 50.9646 3.09562 0.0344828 3.13082
516.007 -145.035 50.9668 3.09572 0.0344662 3.13076
516.016 -145.012 50.9726 3.09576 0.0344819 3.13075
516.025 -145.015 50.9766 3.09576 0.0344996 3.13076
516.031 -145.044 50.981 3.09572 0.0345217 3.13078
516.038 -145.134 50.9872 3.09561 0.0345635 3.13086
516.053 -145.217 51.0026 3.09551 0.0346294 3.13093
516.077 -145.328 51.033 3.09538 0.0347239 3.13104
516.111 -145.467 51.0701 3.09522 0.0348387 3.1312
516.151 -145.637 51.1104 3.09501 0.0349687 3.13141
516.197 -145.795 51.1564 3.09484 0.0351099 3.13162
516.238 -145.937 51.2033 3.09469 0.0352376 3.13182
516.287 -146.128 51.2812 3.09454 0.0354116 3.13212
516.319 -146.261 51.3484 3.09444 0.0355416 3.13234
516.366 -146.398 51.4442 3.09435 0.0357199 3.13258
516.42 -146.526 51.5588 3.09428 0.0359277 3.13282
516.538 -146.701 51.7749 3.09416 0.0363397 3.13315
516.724 -146.866 52.0559 3.09403 0.036926 3.13347
517.004 -147.049 52.4497 3.09389 0.0377633 3.13387
517.586 -147.318 53.2867 3.09375 0.0395113 3.13452
518.047 -147.478 53.9363 3.0937 0.040878 3.13496
518.561 -147.626 54.6692 3.0937 0.0424037 3.13542
519.202 -147.789 55.6502 3.09384 0.0443655 3.136
519.698 -147.901 56.503 3.09412 0.045974 3.13649
520.121 -148.014 57.3333 3.09438 0.0474362 3.13701
520.562 -148.139 58.2298 3.09458 0.0489815 3.13762
521.138 -148.269 59.4496 3.09489 0.0510379 3.1384
521.28 -148.289 59.7699 3.09499 0.0515599 3.1386
521.758 -148.363 60.8734 3.09535 0.0533358 3.13932
522.11 -148.444 61.7537 3.09565 0.0546971 3.13998
522.33 -148.519 62.3086 3.09581 0.0555417 3.14044
522.559 -148.621 62.9114 3.09596 0.0563143 3.14103
522.8 -148.752 63.5372 3.09608 0.0570306 -3.14148
523.011 -148.886 64.0988 3.09617 0.0575883 -3.14081
523.175 -149.028 64.5968 3.09624 0.0578782 -3.14012
525.552 -145.805 67.5718 3.10208 0.0630251 3.14158
525.525 -145.776 67.512 3.10209 0.0629232 3.14151
525.499 -145.75 67.4554 3.1021 0.0628276 3.14144
525.46 -145.71 67.3708 3.10211 0.0626831 3.14134
525.435 -145.683 67.3178 3.10213 0.0625904 3.14127
525.415 -145.661 67.2754 3.10214 0.0625172 3.14122
525.394 -145.637 67.2262 3.10215 0.0624355 3.14116
525.377 -145.617 67.189 3.10216 0.062371 3.14111
525.36 -145.598 67.1522 3.10217 0.0623077 3.14107
525.337 -145.569 67.0958 3.10218 0.062216 3.14099
525.326 -145.553 67.067 3.10219 0.0621694 3.14096
525.314 -145.537 67.0378 3.1022 0.0621212 3.14092
525.303 -145.52 67.0065 3.10221 0.0620717 3.14088
525.293 -145.506 66.9796 3.10222 0.0620285 3.14085
525.283 -145.491 66.9544 3.10223 0.061988 3.14081
525.275 -145.477 66.9327 3.10224 0.0619529 3.14079
525.263 -145.458 66.8994 3.10225 0.0619 3.14074
525.256 -145.446 66.8808 3.10226 0.0618696 3.14072
525.253 -145.44 66.872 3.10226 0.0618547 3.14071
525.245 -145.425 66.8499 3.10228 0.0618194 3.14068
525.242 -145.419 66.8426 3.10228 0.0618076 3.14067
525.238 -145.407 66.8292 3.1023 0.0617845 3.14065
525.235 -145.399 66.8218 3.10231 0.0617715 3.14064
525.233 -145.392 66.8145 3.10231 0.0617597 3.14063
525.231 -145.384 66.8083 3.10232 0.0617496 3.14062
525.23 -145.377 66.8038 3.10234 0.0617416 3.14062
525.23 -145.372 66.801 3.10234 0.0617375 3.14061
525.229 -145.366 66.7975 3.10235 0.0617319 3.1406
525.23 -145.358 66.7941 3.10236 0.0617265 3.1406
525.23 -145.353 66.7927 3.10237 0.0617243 3.14059
525.23 -145.349 66.7911 3.10238 0.0617219 3.14059
525.231 -145.343 66.7902 3.10239 0.0617205 3.14059
525.232 -145.338 66.7896 3.10239 0.0617195 3.14058
525.232 -145.334 66.789 3.1024 0.0617187 3.14058
525.233 -145.33 66.7885 3.10241 0.0617177 3.14058
525.234 -145.326 66.7882 3.10242 0.0617172 3.14058
525.235 -145.322 66.7879 3.10242 0.0617171 3.14058
525.235 -145.318 66.7876 3.10243 0.0617164 3.14058
525.236 -145.314 66.7874 3.10244 0.0617162 3.14057
525.237 -145.31 66.7872 3.10244 0.061716 3.14057
525.238 -145.304 66.7869 3.10245 0.0617157 3.14057
525.239 -145.301 66.7869 3.10246 0.061716 3.14057
525.24 -145.298 66.7868 3.10247 0.061716 3.14057
525.241 -145.293 66.7867 3.10247 0.0617162 3.14057
525.242 -145.29 66.7867 3.10248 0.0617164 3.14056
525.243 -145.286 66.7868 3.10249 0.0617169 3.14056
525.244 -145.282 66.7871 3.10249 0.061718 3.14056
525.245 -145.279 66.7872 3.1025 0.0617183 3.14056
525.246 -145.275 66.7875 3.10251 0.0617196 3.14056
525.247 -145.271 66.7877 3.10251 0.0617202 3.14055
525.248 -145.268 66.788 3.10252 0.061721 3.14055
525.249 -145.265 66.7882 3.10252 0.0617218 3.14055
525.25 -145.26 66.7885 3.10253 0.0617225 3.14055
525.251 -145.257 66.7889 3.10254 0.0617236 3.14055
525.252 -145.254 66.789 3.10254 0.0617242 3.14054
525.253 -145.252 66.7892 3.10254 0.0617249 3.14054
525.254 -145.249 66.7894 3.10255 0.0617256 3.14054
525.254 -145.247 66.7897 3.10255 0.0617263 3.14054
525.255 -145.244 66.7901 3.10256 0.0617274 3.14054
525.256 -145.241 66.7903 3.10256 0.0617281 3.14054
525.257 -145.239 66.7905 3.10257 0.0617286 3.14053
525.257 -145.237 66.7907 3.10257 0.0617293 3.14053
525.258 -145.235 66.7911 3.10257 0.0617304 3.14053
525.259 -145.233 66.7913 3.10258 0.0617311 3.14053
525.259 -145.23 66.7913 3.10258 0.0617312 3.14053
525.261 -145.227 66.7917 3.10259 0.0617324 3.14053
525.261 -145.224 66.7918 3.10259 0.0617327 3.14053
525.262 -145.222 66.7919 3.10259 0.0617331 3.14053
525.263 -145.22 66.7921 3.1026 0.0617337 3.14053
525.263 -145.217 66.7923 3.1026 0.0617341 3.14052
525.264 -145.215 66.7925 3.10261 0.0617349 3.14052
525.265 -145.213 66.7925 3.10261 0.0617349 3.14052
525.266 -145.21 66.7928 3.10262 0.061736 3.14052
525.266 -145.208 66.7929 3.10262 0.0617362 3.14052
525.267 -145.206 66.7931 3.10262 0.0617368 3.14052
525.268 -145.204 66.7934 3.10263 0.0617376 3.14052
525.268 -145.202 66.7936 3.10263 0.0617382 3.14052
525.269 -145.2 66.7938 3.10263 0.0617388 3.14052
525.27 -145.197 66.7942 3.10264 0.06174 3.14052
525.271 -145.195 66.7945 3.10264 0.0617407 3.14051
525.272 -145.192 66.7947 3.10265 0.0617414 3.14051
525.272 -145.19 66.7951 3.10265 0.0617425 3.14051
525.273 -145.187 66.7954 3.10266 0.0617432 3.14051
525.274 -145.185 66.7956 3.10266 0.0617438 3.14051
525.275 -145.183 66.7958 3.10266 0.0617445 3.14051
525.275 -145.181 66.7961 3.10267 0.0617453 3.14051
525.276 -145.179 66.7962 3.10267 0.0617457 3.14051
525.277 -145.177 66.7963 3.10267 0.0617464 3.1405
525.277 -145.174 66.7965 3.10268 0.0617471 3.1405
