524.292 -147.485 64.9528 3.10642 0.0565228 -3.13232
524.271 -147.465 64.902 3.10642 0.0564425 -3.13239
524.241 -147.439 64.8365 3.10641 0.0563361 -3.13248
524.223 -147.423 64.7958 3.10641 0.0562703 -3.13253
524.196 -147.399 64.7348 3.10641 0.0561714 -3.13261
524.177 -147.382 64.6913 3.10641 0.0561024 -3.13267
524.162 -147.369 64.6611 3.10641 0.0560493 -3.13271
524.148 -147.356 64.6305 3.10641 0.0560001 -3.13276
524.13 -147.34 64.5884 3.10641 0.0559322 -3.13281
524.118 -147.33 64.5634 3.10641 0.0558907 -3.13284
524.108 -147.32 64.5417 3.10641 0.0558547 -3.13287
524.1 -147.313 64.5237 3.10641 0.0558251 -3.1329
524.093 -147.307 64.5085 3.10641 0.0558001 -3.13292
524.083 -147.299 64.4901 3.10642 0.0557676 -3.13295
524.078 -147.294 64.4789 3.10642 0.0557496 -3.13296
524.073 -147.29 64.4682 3.10642 0.0557321 -3.13297
524.068 -147.285 64.4581 3.10642 0.0557145 -3.13299
524.065 -147.282 64.4521 3.10642 0.0557035 -3.133
524.062 -147.28 64.4451 3.10642 0.0556922 -3.13301
524.059 -147.277 64.4405 3.10642 0.055684 -3.13301
524.057 -147.276 64.4376 3.10642 0.0556778 -3.13302
524.056 -147.275 64.4354 3.10642 0.0556739 -3.13302
524.054 -147.273 64.4331 3.10642 0.0556694 -3.13302
524.053 -147.272 64.4318 3.10643 0.0556659 -3.13303
524.052 -147.272 64.431 3.10643 0.0556639 -3.13303
524.052 -147.271 64.4302 3.10643 0.0556619 -3.13303
524.051 -147.27 64.429 3.10643 0.0556589 -3.13303
524.051 -147.27 64.4288 3.10643 0.0556583 -3.13303
524.05 -147.269 64.4283 3.10643 0.0556566 -3.13303
524.049 -147.269 64.4278 3.10643 0.0556553 -3.13303
524.049 -147.268 64.4272 3.10643 0.0556537 -3.13304
524.049 -147.268 64.4269 3.10643 0.0556527 -3.13304
524.048 -147.268 64.4265 3.10643 0.0556517 -3.13304
524.048 -147.268 64.4261 3.10643 0.0556508 -3.13304
524.048 -147.267 64.4258 3.10643 0.0556498 -3.13304
524.047 -147.267 64.4254 3.10643 0.0556487 -3.13304
524.047 -147.267 64.425 3.10643 0.0556477 -3.13304
524.046 -147.266 64.4245 3.10643 0.0556465 -3.13304
524.046 -147.266 64.4242 3.10643 0.0556457 -3.13304
524.046 -147.265 64.4236 3.10644 0.0556443 -3.13304
524.046 -147.265 64.4233 3.10644 0.0556436 -3.13304
524.045 -147.265 64.4225 3.10644 0.0556419 -3.13304
524.045 -147.265 64.4221 3.10644 0.055641 -3.13305
524.044 -147.264 64.4216 3.10644 0.0556398 -3.13305
524.044 -147.264 64.4212 3.10644 0.0556391 -3.13305
524.044 -147.264 64.4206 3.10644 0.0556376 -3.13305
524.043 -147.264 64.4202 3.10644 0.0556367 -3.13305
524.043 -147.263 64.4199 3.10644 0.055636 -3.13305
524.041 -147.274 64.4205 3.10642 0.0556377 -3.13305
524.037 -147.288 64.4207 3.1064 0.0556367 -3.13305
524.02 -147.334 64.4199 3.10632 0.055613 -3.13304
523.998 -147.387 64.4192 3.10623 0.0555592 -3.13301
523.934 -147.509 64.4151 3.10603 0.0553242 -3.13289
523.899 -147.577 64.4127 3.10591 0.0552202 -3.13285
523.862 -147.626 64.4102 3.10584 0.0551169 -3.13281
523.85 -147.641 64.4099 3.10581 0.0550831 -3.1328
523.818 -147.681 64.4034 3.10577 0.0549318 -3.13272
523.758 -147.777 64.3873 3.10564 0.0546733 -3.13256
523.685 -147.898 64.3732 3.10546 0.0543945 -3.13242
523.615 -148.011 64.3641 3.10527 0.0540963 -3.13228
523.567 -148.078 64.3508 3.10515 0.0538807 -3.13221
523.51 -148.144 64.3238 3.10501 0.0536211 -3.13215
523.47 -148.171 64.2839 3.10493 0.0534918 -3.13218
523.423 -148.181 64.2125 3.10485 0.0533476 -3.13226
523.373 -148.174 64.1356 3.1048 0.053164 -3.13235
523.289 -148.153 64.0021 3.10472 0.0528311 -3.13249
523.222 -148.138 63.8862 3.10463 0.0525876 -3.13263
523.138 -148.118 63.7309 3.1045 0.0523075 -3.13285
522.992 -148.088 63.481 3.10433 0.0518292 -3.13313
522.811 -148.065 63.2408 3.10424 0.0513017 -3.13333
522.5 -148.06 62.8741 3.1041 0.0504525 -3.13356
522.272 -148.072 62.6085 3.10399 0.0498437 -3.13371
521.912 -148.109 62.1857 3.1038 0.0488876 -3.13392
521.562 -148.185 61.7742 3.10356 0.0479821 -3.1341
521.342 -148.271 61.5064 3.10327 0.0474207 -3.1342
521.052 -148.419 61.1357 3.10266 0.0466749 -3.13434
520.874 -148.547 60.8995 3.10221 0.0462162 -3.13439
520.667 -148.748 60.6181 3.10157 0.0456875 -3.1344
520.55 -148.875 60.4601 3.10118 0.0453972 -3.13442
520.41 -149.012 60.272 3.10077 0.0450531 -3.13448
520.319 -149.099 60.1495 3.10052 0.04483 -3.13452
520.175 -149.259 59.965 3.10007 0.0444941 -3.13457
520.088 -149.372 59.8532 3.09976 0.0443036 -3.13459
519.99 -149.516 59.7214 3.09934 0.0440883 -3.1346
519.909 -149.653 59.6209 3.09898 0.0439225 -3.13458
519.777 -149.902 59.4779 3.09848 0.0436622 -3.13447
519.692 -150.095 59.3843 3.09814 0.0434989 -3.13436
519.564 -150.406 59.2465 3.09758 0.0432474 -3.13414
519.422 -150.725 59.121 3.09692 0.042983 -3.13393
519.306 -150.969 59.0201 3.09639 0.0427647 -3.13376
519.146 -151.294 58.8752 3.09561 0.0424621 -3.13355
519.038 -151.524 58.7681 3.09496 0.042278 -3.13342
518.899 -151.801 58.6168 3.09438 0.0420472 -3.13327
518.79 -151.997 58.495 3.09404 0.0418389 -3.13315
518.624 -152.304 58.295 3.09348 0.0415018 -3.13297
518.528 -152.492 58.1783 3.09311 0.0413042 -3.13286
518.376 -152.791 57.9779 3.09251 0.0409837 -3.13268
518.258 -152.987 57.8209 3.09212 0.040695 -3.13252
518.076 -153.281 57.5856 3.09153 0.0402499 -3.13229
517.95 -153.485 57.4243 3.09115 0.0399554 -3.13216
517.755 -153.796 57.164 3.09052 0.0395558 -3.13203
517.595 -154.038 56.9486 3.08999 0.0392622 -3.13195
517.47 -154.226 56.7815 3.08957 0.0390569 -3.1319
517.304 -154.525 56.542 3.08888 0.0388679 -3.13189
517.213 -154.699 56.4047 3.08845 0.0387663 -3.13189
517.056 -154.995 56.1957 3.08781 0.0384915 -3.13183
516.966 -155.181 56.0802 3.08744 0.0383292 -3.13177
516.852 -155.425 55.9374 3.08697 0.0381304 -3.13167
516.779 -155.613 55.8398 3.08662 0.038019 -3.13159
516.731 -155.784 55.7658 3.08628 0.0379775 -3.13152
516.68 -155.976 55.6887 3.0859 0.0379263 -3.13144
516.6 -156.249 55.5928 3.08535 0.0378394 -3.13133
516.566 -156.387 55.5508 3.08508 0.0378076 -3.13128
516.513 -156.652 55.4924 3.0846 0.0377543 -3.13113
516.48 -156.851 55.4586 3.08426 0.0377258 -3.13099
516.455 -157.045 55.4286 3.08394 0.0377075 -3.13084
516.431 -157.375 55.3849 3.0834 0.0377072 -3.13054
516.426 -157.589 55.3643 3.08303 0.0377273 -3.13033
516.425 -157.945 55.3336 3.08243 0.0377739 -3.12997
516.423 -158.208 55.3087 3.08202 0.0378074 -3.1297
516.426 -158.502 55.2797 3.08155 0.0378952 -3.12945
516.432 -158.679 55.2592 3.08126 0.0379762 -3.12934
516.44 -158.833 55.2359 3.081 0.0380504 -3.12925
516.457 -159.063 55.1899 3.0806 0.038141 -3.12911
516.469 -159.202 55.1428 3.08036 0.0381904 -3.12903
516.503 -159.356 55.0674 3.08007 0.0383235 -3.12898
516.531 -159.434 55.0028 3.0799 0.0384308 -3.129
516.561 -159.518 54.8758 3.07969 0.0385498 -3.12907
516.549 -159.554 54.7653 3.07959 0.0385185 -3.12913
516.469 -159.591 54.5414 3.07945 0.0382553 -3.12922
516.398 -159.596 54.3699 3.07937 0.0379903 -3.12931
516.312 -159.598 54.1639 3.07927 0.0376696 -3.12943
516.149 -159.621 53.7852 3.07908 0.0370704 -3.1296
516.035 -159.659 53.5117 3.07892 0.0366472 -3.12969
515.927 -159.701 53.2323 3.07875 0.036235 -3.12977
515.8 -159.74 52.8793 3.07855 0.0357649 -3.12993
515.644 -159.783 52.4113 3.07827 0.0352214 -3.1302
515.555 -159.81 52.1069 3.07808 0.034891 -3.13038
515.468 -159.825 51.6966 3.07781 0.0344682 -3.13069
515.443 -159.811 51.4862 3.07767 0.0342784 -3.13091
515.449 -159.791 51.3034 3.07753 0.0341954 -3.13115
515.512 -159.801 51.1548 3.07734 0.0342179 -3.13135
515.584 -159.812 51.1226 3.07724 0.0343269 -3.13143
515.673 -159.811 51.1262 3.07716 0.034485 -3.13151
515.777 -159.797 51.1457 3.07709 0.0346788 -3.13161
515.798 -159.785 51.1251 3.07707 0.0346965 -3.13168
515.774 -159.763 51.0697 3.07708 0.0346061 -3.13175
515.739 -159.74 50.9977 3.0771 0.0344837 -3.13183
515.695 -159.71 50.9116 3.07713 0.0343393 -3.13194
515.647 -159.674 50.8292 3.07717 0.0341911 -3.13206
515.623 -159.645 50.7922 3.07722 0.0341189 -3.13213
515.609 -159.615 50.7737 3.07728 0.0340803 -3.1322
515.605 -159.592 50.7744 3.07731 0.0340794 -3.13226
515.614 -159.571 50.7882 3.07731 0.0341122 -3.13235
515.634 -159.54 50.8092 3.07729 0.0341712 -3.13246
515.64 -159.526 50.8121 3.07729 0.0341847 -3.13251
515.623 -159.524 50.7922 3.07727 0.0341283 -3.13255
515.602 -159.528 50.7686 3.07725 0.0340571 -3.13256
515.567 -159.533 50.7289 3.07721 0.0339484 -3.1326
515.55 -159.542 50.713 3.07718 0.0338976 -3.13261
515.532 -159.561 50.7057 3.07714 0.0338292 -3.1326
515.526 -159.569 50.7062 3.07713 0.0338047 -3.13259
515.519 -159.57 50.7073 3.07712 0.0337896 -3.1326
515.511 -159.562 50.7067 3.07713 0.0337762 -3.13263
515.505 -159.536 50.7076 3.07715 0.0337673 -3.13268
515.506 -159.513 50.7084 3.07718 0.0337674 -3.13272
515.51 -159.477 50.7101 3.07721 0.0337758 -3.13279
515.52 -159.454 50.7121 3.07722 0.0337925 -3.13284
515.537 -159.411 50.713 3.07725 0.033823 -3.13293
515.546 -159.387 50.7115 3.07726 0.0338365 -3.13298
515.575 -159.348 50.7163 3.07728 0.0338886 -3.13307
515.604 -159.322 50.7284 3.07729 0.0339487 -3.13314
515.665 -159.295 50.7512 3.07728 0.0340741 -3.13322
515.721 -159.291 50.7672 3.07725 0.0341844 -3.13325
515.802 -159.303 50.791 3.07719 0.0343491 -3.13328
515.951 -159.33 50.8201 3.07706 0.0346467 -3.13333
516.063 -159.358 50.8445 3.07696 0.0348716 -3.13335
516.211 -159.403 50.8716 3.07681 0.0351514 -3.13335
516.415 -159.475 50.9034 3.0766 0.0355244 -3.13333
516.568 -159.53 50.9154 3.07644 0.0357882 -3.13331
516.791 -159.602 50.9317 3.07622 0.0361754 -3.13329
516.95 -159.64 50.94 3.07608 0.036494 -3.13332
517.159 -159.68 50.9589 3.0759 0.0369384 -3.13339
517.463 -159.719 50.9947 3.07567 0.0375797 -3.13352
517.658 -159.717 51.0205 3.07555 0.0379868 -3.13364
517.934 -159.682 51.043 3.07542 0.0385412 -3.13386
518.107 -159.648 51.0518 3.07535 0.038867 -3.13401
518.407 -159.591 51.0671 3.07523 0.0394279 -3.13425
518.6 -159.551 51.0786 3.07515 0.0397957 -3.13441
518.944 -159.484 51.1047 3.07504 0.0405944 -3.13474
519.314 -159.461 51.1312 3.07485 0.0415997 -3.13511
519.592 -159.446 51.1498 3.0747 0.0423912 -3.13541
519.813 -159.447 51.1633 3.07455 0.0428737 -3.13557
520.233 -159.481 51.1902 3.07423 0.0437597 -3.13581
520.471 -159.513 51.206 3.07403 0.0442717 -3.13594
520.833 -159.597 51.2229 3.07368 0.0450606 -3.1361
521.103 -159.655 51.2208 3.07342 0.045664 -3.13623
521.327 -159.708 51.2338 3.07319 0.0462132 -3.13635
521.713 -159.796 51.2562 3.07281 0.0472539 -3.13662
522.069 -159.882 51.2685 3.07243 0.0480217 -3.13679
522.317 -159.939 51.2924 3.07216 0.0485665 -3.13691
522.73 -160.021 51.3258 3.07171 0.0493875 -3.1371
522.985 -160.068 51.3504 3.07144 0.0499505 -3.13725
523.417 -160.131 51.3748 3.07104 0.0509025 -3.13752
523.654 -160.159 51.3861 3.07083 0.0514414 -3.13769
524.022 -160.192 51.3879 3.07052 0.0523027 -3.13797
524.273 -160.208 51.3918 3.07032 0.0528918 -3.13817
524.639 -160.22 51.4025 3.07005 0.0537315 -3.13846
524.872 -160.226 51.4136 3.06987 0.0541495 -3.13859
525.247 -160.226 51.45 3.0696 0.0549363 -3.13887
525.507 -160.237 51.4789 3.06939 0.0554484 -3.13904
525.739 -160.248 51.4906 3.06921 0.0559218 -3.1392
525.975 -160.252 51.4912 3.06902 0.0564438 -3.1394
526.276 -160.28 51.4787 3.06874 0.0570184 -3.13961
526.443 -160.314 51.454 3.06856 0.0572955 -3.13968
526.648 -160.341 51.4538 3.06837 0.057774 -3.13984
526.926 -160.381 51.4629 3.06811 0.0584512 -3.14006
527.095 -160.415 51.4751 3.06793 0.0588116 -3.14016
527.365 -160.446 51.5133 3.0677 0.0594542 -3.14036
527.583 -160.452 51.5436 3.06752 0.0600176 -3.14059
527.752 -160.465 51.5588 3.06737 0.0603876 -3.14073
528.039 -160.483 51.5705 3.06712 0.0610384 -3.14098
528.182 -160.486 51.5767 3.067 0.0613402 -3.1411
528.407 -160.488 51.5748 3.06681 0.0617829 -3.14129
528.56 -160.484 51.5608 3.06669 0.0621201 -3.14144
528.817 -160.471 51.5621 3.06652 0.0627355 3.1415
528.974 -160.474 51.5734 3.06642 0.063077 3.14139
529.228 -160.464 51.5894 3.06626 0.0636699 3.14117
529.385 -160.44 51.5998 3.06618 0.0640659 3.141
529.577 -160.417 51.6164 3.06607 0.0644405 3.14084
529.724 -160.402 51.6231 3.06598 0.0647346 3.1407
529.873 -160.371 51.6312 3.0659 0.0650566 3.14053
530.009 -160.33 51.6385 3.06585 0.0653374 3.14037
530.177 -160.279 51.6271 3.06577 0.0656161 3.14017
530.267 -160.257 51.6162 3.06571 0.065749 3.14008
530.36 -160.235 51.6041 3.06566 0.0659118 3.13998
530.464 -160.217 51.6075 3.06561 0.0661463 3.13987
530.627 -160.204 51.6051 3.0655 0.066493 3.13971
530.738 -160.196 51.6096 3.06543 0.0666958 3.13964
530.876 -160.179 51.6306 3.06537 0.0669588 3.13955
531.006 -160.173 51.6542 3.06531 0.0672696 3.13945
531.116 -160.166 51.6673 3.06525 0.0675402 3.13936
531.223 -160.151 51.6548 3.06519 0.0677159 3.13928
531.245 -160.114 51.5874 3.0652 0.0676753 3.13921
531.225 -160.078 51.5258 3.06522 0.0675799 3.13914
531.189 -160.037 51.4413 3.06522 0.0674367 3.13904
531.161 -160.018 51.3903 3.06522 0.0673348 3.13898
531.103 -159.994 51.3275 3.06524 0.0671649 3.13892
531.04 -159.963 51.2809 3.06528 0.0670188 3.13886
530.899 -159.882 51.2143 3.0654 0.0667247 3.13874
530.799 -159.833 51.1775 3.0655 0.0664947 3.1387
530.65 -159.769 51.1361 3.06563 0.066068 3.13869
530.568 -159.749 51.1228 3.06568 0.0658097 3.13873
530.449 -159.733 51.12 3.06576 0.065411 3.13882
530.39 -159.732 51.1332 3.06581 0.0652435 3.13888
530.33 -159.752 51.1732 3.06585 0.0650996 3.13897
530.291 -159.778 51.1949 3.06586 0.0649995 3.13906
530.246 -159.824 51.2144 3.06586 0.0648995 3.13917
530.2 -159.874 51.2093 3.06584 0.0648179 3.13927
530.161 -159.914 51.1908 3.06583 0.0647389 3.13935
530.133 -159.941 51.1764 3.06581 0.0646806 3.13941
530.106 -159.971 51.1683 3.06581 0.0646308 3.13947
530.096 -159.982 51.1703 3.06581 0.0646174 3.1395
530.084 -159.992 51.175 3.06583 0.0645998 3.13954
530.071 -159.988 51.1751 3.06586 0.0645774 3.13955
530.038 -159.965 51.1702 3.06593 0.0645147 3.13954
529.996 -159.929 51.1627 3.06601 0.0644334 3.13951
529.972 -159.906 51.1599 3.06606 0.0643879 3.13949
529.954 -159.888 51.1603 3.06609 0.0643561 3.13948
529.934 -159.866 51.1631 3.06614 0.0643225 3.13947
529.918 -159.849 51.1649 3.06618 0.0642946 3.13946
529.909 -159.839 51.1653 3.06621 0.0642789 3.13946
529.901 -159.828 51.1671 3.06623 0.0642648 3.13945
529.898 -159.826 51.1684 3.06623 0.0642608 3.13945
529.895 -159.827 51.1688 3.06623 0.0642575 3.13945
529.893 -159.829 51.1683 3.06623 0.0642535 3.13945
529.887 -159.827 51.1666 3.06625 0.0642438 3.13945
529.878 -159.818 51.1659 3.06628 0.0642271 3.13944
529.876 -159.816 51.1731 3.06631 0.0642297 3.13945
529.883 -159.82 51.206 3.06636 0.0642706 3.13948
529.886 -159.826 51.2365 3.06644 0.0643029 3.13952
529.868 -159.823 51.3028 3.06667 0.0643341 3.13959
529.848 -159.811 51.3626 3.06687 0.064356 3.13964
529.825 -159.799 51.5072 3.06719 0.0644534 3.13978
529.812 -159.803 51.6469 3.06748 0.0645638 3.13991
529.795 -159.802 51.7786 3.06772 0.064662 3.14002
529.767 -159.778 52.0558 3.06812 0.0648748 3.14018
529.743 -159.736 52.3116 3.06846 0.0650689 3.14028
529.722 -159.675 52.5842 3.06883 0.0652816 3.14034
529.654 -159.49 53.0856 3.06966 0.0656098 3.14035
529.582 -159.321 53.4541 3.07028 0.0657835 3.14034
529.4 -159.072 53.9467 3.07117 0.0656734 3.14045
529.267 -158.93 54.2886 3.07176 0.0655732 3.14061
529.145 -158.778 54.6902 3.0725 0.0655663 3.14081
529.001 -158.608 55.2327 3.07338 0.0656917 3.14108
528.873 -158.488 55.8542 3.07411 0.065902 3.1415
528.786 -158.448 56.2671 3.07453 0.066019 -3.14132
528.602 -158.428 56.8718 3.07517 0.0660258 -3.14063
528.496 -158.448 57.2342 3.0755 0.066021 -3.14017
528.313 -158.483 57.7891 3.07601 0.0659968 -3.13948
528.221 -158.517 58.1326 3.07629 0.066047 -3.13906
528.105 -158.546 58.4506 3.07657 0.0660184 -3.13866
527.924 -158.62 58.9013 3.07694 0.0659836 -3.13805
527.806 -158.675 59.1074 3.07712 0.0659064 -3.1377
527.576 -158.774 59.3869 3.07738 0.0656516 -3.13714
527.387 -158.841 59.5402 3.07756 0.0653928 -3.13676
527.176 -158.898 59.6481 3.07773 0.0650449 -3.13642
526.831 -158.938 59.7354 3.07798 0.0643358 -3.136
526.549 -158.937 59.7645 3.0782 0.063654 -3.1357
526.277 -158.927 59.7734 3.07839 0.063022 -3.13549
525.922 -158.898 59.7608 3.07864 0.0623038 -3.13532
525.757 -158.878 59.7332 3.07876 0.0619818 -3.13528
525.428 -158.829 59.6637 3.079 0.0613291 -3.1352
525.223 -158.811 59.5862 3.07911 0.0609108 -3.13518
525.034 -158.804 59.4952 3.0792 0.0604984 -3.13513
524.784 -158.796 59.3599 3.07931 0.0599412 -3.13507
524.612 -158.789 59.2635 3.07939 0.0595633 -3.13503
524.357 -158.784 59.1158 3.07949 0.0590009 -3.13497
524.185 -158.777 59.0077 3.07957 0.058608 -3.13493
524.033 -158.774 58.9009 3.07962 0.0582453 -3.1349
523.824 -158.791 58.7229 3.07965 0.0577222 -3.13485
523.692 -158.807 58.6006 3.07965 0.0573716 -3.13481
523.497 -158.827 58.4156 3.07964 0.0568315 -3.13474
523.351 -158.842 58.265 3.07962 0.0564397 -3.13472
523.168 -158.868 58.0599 3.07954 0.0559585 -3.13472
523.058 -158.887 57.9221 3.07945 0.0556596 -3.13474
522.935 -158.913 57.729 3.07929 0.0552951 -3.1348
522.872 -158.921 57.6066 3.07914 0.0550987 -3.13487
522.831 -158.917 57.5089 3.07895 0.0549708 -3.13497
522.802 -158.909 57.3864 3.07862 0.0548368 -3.13512
522.802 -158.906 57.3163 3.07854 0.0547787 -3.13519
522.821 -158.913 57.2293 3.07844 0.0547374 -3.13528
522.849 -158.916 57.1557 3.07836 0.0547236 -3.13535
522.878 -158.909 57.085 3.0783 0.0547575 -3.13546
522.914 -158.891 57.0159 3.07824 0.0548392 -3.1356
522.955 -158.881 56.9459 3.07816 0.054966 -3.13576
523.006 -158.872 56.8633 3.07806 0.0551583 -3.13596
523.041 -158.862 56.7358 3.07792 0.0553099 -3.13621
523.046 -158.856 56.6417 3.07783 0.0553254 -3.13636
523.044 -158.852 56.4851 3.0777 0.0553339 -3.13658
523.033 -158.86 56.3618 3.0776 0.055322 -3.13671
523.009 -158.873 56.2316 3.07751 0.0552651 -3.13682
522.91 -158.9 55.9734 3.07737 0.0549089 -3.13694
522.832 -158.912 55.8085 3.07729 0.0546373 -3.137
522.684 -158.946 55.5143 3.07715 0.0541361 -3.13708
522.573 -158.982 55.2908 3.07703 0.053758 -3.13712
522.428 -159.021 54.9912 3.07687 0.0532606 -3.1372
522.335 -159.053 54.8031 3.07676 0.0529452 -3.13724
522.191 -159.14 54.4896 3.07653 0.0524379 -3.13725
522.101 -159.227 54.2809 3.07633 0.0521162 -3.13723
522.03 -159.32 54.0959 3.07612 0.0518582 -3.13718
521.961 -159.496 53.8091 3.07568 0.051615 -3.13712
521.923 -159.626 53.6063 3.07535 0.0514951 -3.13708
521.889 -159.734 53.4067 3.07508 0.0513833 -3.13707
521.826 -159.817 53.1297 3.07483 0.0511651 -3.13716
521.678 -159.834 52.6718 3.0746 0.0506935 -3.13744
521.517 -159.818 52.3058 3.0745 0.0501937 -3.13765
521.19 -159.789 51.6074 3.0743 0.0491609 -3.13797
521.009 -159.761 51.1732 3.07411 0.0485837 -3.13824
520.858 -159.681 50.6752 3.07386 0.0480124 -3.13874
520.87 -159.656 50.533 3.07372 0.0479236 -3.13897
520.985 -159.662 50.5459 3.07358 0.0481324 -3.13911
521.119 -159.675 50.6473 3.07349 0.0484538 -3.13918
521.275 -159.668 50.7832 3.07342 0.0488522 -3.13928
521.424 -159.623 50.9121 3.07337 0.0492353 -3.13948
521.484 -159.588 50.9571 3.07337 0.0493797 -3.13958
521.481 -159.565 50.9472 3.07339 0.0493215 -3.1396
521.459 -159.554 50.9175 3.0734 0.0491961 -3.13959
521.409 -159.541 50.8625 3.0734 0.0489088 -3.13955
521.382 -159.536 50.8337 3.0734 0.0487527 -3.13953
521.358 -159.533 50.8093 3.0734 0.0486029 -3.13951
521.334 -159.531 50.7908 3.0734 0.0484439 -3.13946
521.33 -159.531 50.7909 3.0734 0.048408 -3.13945
521.331 -159.525 50.7949 3.07341 0.0483857 -3.13944
521.333 -159.517 50.7977 3.07342 0.0483749 -3.13944
521.327 -159.506 50.7984 3.07345 0.0483042 -3.13941
521.312 -159.495 50.7958 3.07348 0.0481995 -3.13938
521.299 -159.479 50.793 3.07351 0.0481267 -3.13936
521.285 -159.442 50.7847 3.07359 0.0480307 -3.13936
521.274 -159.406 50.7829 3.07365 0.0479699 -3.13937
521.258 -159.318 50.7825 3.07377 0.0478955 -3.13946
521.242 -159.236 50.7834 3.07389 0.0478345 -3.13955
521.214 -159.064 50.7842 3.07413 0.0477138 -3.13973
521.198 -158.94 50.7847 3.0743 0.0476348 -3.13986
521.176 -158.732 50.7887 3.07459 0.0475233 -3.14009
521.158 -158.573 50.7933 3.07482 0.0474184 -3.14023
521.139 -158.408 50.7975 3.07507 0.0472766 -3.14036
521.108 -158.158 50.8078 3.07546 0.0470449 -3.14053
521.082 -157.986 50.8163 3.07572 0.0468655 -3.14064
521.047 -157.705 50.8346 3.07615 0.0466029 -3.14084
521.031 -157.525 50.8446 3.07642 0.0464709 -3.14099
521.01 -157.22 50.8525 3.07688 0.0463061 -3.14127
521.003 -157.037 50.8518 3.07715 0.046225 -3.14145
521.006 -156.816 50.858 3.07748 0.0461624 3.14152
521.017 -156.671 50.8679 3.0777 0.0461491 3.14137
521.026 -156.541 50.878 3.07789 0.0461329 3.14125
521.031 -156.366 50.8894 3.07816 0.0460769 3.1411
521.026 -156.232 50.8944 3.07837 0.0460105 3.14099
521.004 -156.012 50.8967 3.0787 0.0459057 3.14076
520.982 -155.798 50.8937 3.07899 0.0458375 3.14049
520.954 -155.599 50.8887 3.07925 0.0457682 3.14021
520.925 -155.237 50.8873 3.07969 0.0456843 3.13969
520.924 -154.988 50.8908 3.08001 0.0456566 3.13935
520.935 -154.67 50.8914 3.08039 0.0456352 3.13891
520.949 -154.483 50.8917 3.08061 0.0456362 3.13865
520.984 -154.171 50.893 3.08099 0.0456469 3.13823
521.007 -153.968 50.8948 3.08123 0.0456605 3.13794
521.026 -153.729 50.8942 3.0815 0.0456638 3.13759
521.035 -153.352 50.8856 3.08196 0.0456204 3.13707
521.032 -153.111 50.8796 3.08226 0.0455793 3.13675
521.023 -152.857 50.8816 3.08258 0.0455299 3.13641
521.021 -152.554 50.8973 3.08297 0.0454998 3.13602
521.022 -152.3 50.9115 3.08328 0.0454839 3.13568
521.033 -151.954 50.9228 3.08372 0.0454695 3.13521
521.048 -151.73 50.9217 3.08399 0.0454574 3.13492
521.08 -151.449 50.9076 3.08435 0.0454429 3.13459
521.102 -151.268 50.8955 3.08459 0.0454303 3.13439
521.123 -151.107 50.8928 3.0848 0.0454292 3.13422
521.151 -150.805 50.8978 3.0852 0.0454276 3.13387
521.16 -150.601 50.8982 3.08547 0.0454079 3.13363
521.155 -150.326 50.8958 3.08586 0.0453457 3.13334
521.146 -150.126 50.8917 3.08615 0.04529 3.13312
521.131 -149.916 50.8866 3.08645 0.0452229 3.1329
521.095 -149.604 50.8809 3.08691 0.045106 3.13258
521.077 -149.374 50.8807 3.08725 0.0450346 3.13235
521.059 -149.03 50.8755 3.08776 0.0449348 3.132
521.052 -148.778 50.8801 3.08811 0.0448926 3.13171
521.049 -148.392 50.8885 3.08865 0.0448317 3.13128
521.044 -148.128 50.8859 3.08901 0.0447808 3.13098
521.02 -147.729 50.8736 3.08956 0.0446697 3.13052
521.002 -147.485 50.8654 3.0899 0.0446002 3.13023
520.985 -147.205 50.8573 3.0903 0.0445245 3.12993
520.968 -146.813 50.8473 3.09087 0.0444173 3.12953
520.971 -146.587 50.8526 3.0912 0.0443862 3.1293
520.99 -146.411 50.8562 3.09145 0.0443838 3.12913
521.03 -146.227 50.8686 3.0917 0.0444208 3.12895
521.067 -146.05 50.8805 3.09194 0.0444631 3.12876
521.1 -145.803 50.8815 3.09227 0.0444746 3.12849
521.119 -145.694 50.8686 3.09243 0.0444662 3.12839
521.137 -145.627 50.8596 3.09254 0.0444625 3.12837
521.158 -145.591 50.8609 3.09261 0.0444788 3.12837
521.192 -145.596 50.8715 3.09261 0.0445358 3.12841
521.212 -145.626 50.878 3.09256 0.0445758 3.12844
521.229 -145.654 50.8846 3.09251 0.0446121 3.12847
521.252 -145.716 50.8871 3.09242 0.0446555 3.12854
521.263 -145.749 50.8858 3.09237 0.0446737 3.12859
521.272 -145.756 50.8869 3.09236 0.0446864 3.1286
521.269 -145.74 50.8827 3.09239 0.0446723 3.12859
521.262 -145.725 50.8668 3.09241 0.0446351 3.12858
521.258 -145.723 50.8584 3.09241 0.04462 3.12858
521.252 -145.722 50.8499 3.0924 0.0446018 3.12857
521.245 -145.716 50.8454 3.09241 0.0445837 3.12857
521.238 -145.714 50.8421 3.09242 0.0445679 3.12857
521.233 -145.728 50.8379 3.0924 0.0445575 3.12859
521.229 -145.753 50.8332 3.09237 0.0445489 3.12863
521.21 -145.798 50.8206 3.09233 0.0445108 3.12869
521.203 -145.835 50.8132 3.09229 0.0444926 3.12875
521.199 -145.886 50.812 3.09223 0.0444764 3.12884
521.206 -145.976 50.8306 3.09213 0.0444831 3.12898
521.208 -146.045 50.8448 3.09205 0.0444706 3.1291
521.211 -146.136 50.8673 3.09195 0.0444655 3.12926
521.207 -146.179 50.8769 3.0919 0.0444541 3.12933
521.194 -146.224 50.8777 3.09185 0.0444326 3.12939
521.184 -146.24 50.8706 3.09183 0.0444091 3.12942
521.175 -146.249 50.8629 3.09183 0.0443859 3.12943
521.17 -146.244 50.8605 3.09184 0.0443752 3.12943
521.167 -146.23 50.8587 3.09186 0.0443645 3.12942
521.168 -146.218 50.8596 3.09188 0.0443642 3.12941
521.169 -146.207 50.8606 3.09189 0.0443638 3.1294
521.171 -146.197 50.8604 3.09191 0.0443631 3.1294
521.172 -146.185 50.861 3.09193 0.0443618 3.12939
521.173 -146.158 50.8632 3.09198 0.044359 3.12937
521.172 -146.14 50.8633 3.092 0.0443521 3.12935
521.174 -146.115 50.8661 3.09204 0.0443507 3.12933
521.178 -146.101 50.8699 3.09206 0.0443584 3.12931
521.181 -146.074 50.8744 3.09209 0.044362 3.12928
521.176 -146.06 50.8732 3.09211 0.0443455 3.12926
521.163 -146.051 50.8687 3.09213 0.0442905 3.12927
521.154 -146.051 50.867 3.09213 0.0442496 3.12928
521.145 -146.055 50.8663 3.09213 0.0442122 3.12929
521.135 -146.069 50.8674 3.09211 0.0441625 3.12932
521.132 -146.089 50.8751 3.09209 0.0441414 3.12936
521.129 -146.166 50.9327 3.09201 0.0441219 3.1295
521.125 -146.258 51.0073 3.09192 0.0441198 3.12966
521.145 -146.453 51.1813 3.09171 0.0443202 3.12992
521.22 -146.695 51.4092 3.09143 0.0447206 3.13022
521.339 -146.97 51.669 3.0911 0.045257 3.13055
521.461 -147.217 51.9211 3.09081 0.0457853 3.13086
521.585 -147.525 52.3012 3.09054 0.0463892 3.13136
521.6 -147.677 52.5174 3.09046 0.0466463 3.13162
521.529 -147.798 52.7819 3.09067 0.0468132 3.1319
521.353 -147.809 52.9645 3.09111 0.0467037 3.13205
521.166 -147.749 53.0576 3.09147 0.0464586 3.13211
520.97 -147.67 53.1331 3.09179 0.0461722 3.13214
520.704 -147.547 53.225 3.0922 0.0457794 3.13216
520.562 -147.481 53.3008 3.09244 0.0455925 3.1322
520.411 -147.423 53.4474 3.09274 0.0454647 3.13233
520.368 -147.423 53.5772 3.09289 0.0455048 3.13249
520.36 -147.444 53.7273 3.093 0.0456222 3.13267
520.395 -147.499 53.9647 3.09311 0.0458862 3.13296
520.431 -147.542 54.1234 3.09316 0.046085 3.13315
520.503 -147.62 54.3619 3.09321 0.0464127 3.13345
520.574 -147.701 54.5669 3.09322 0.0467114 3.13371
520.636 -147.772 54.7409 3.09322 0.04697 3.13393
520.739 -147.904 55.0265 3.09321 0.0474006 3.13431
520.804 -148.011 55.2161 3.09317 0.0476863 3.13457
520.893 -148.183 55.501 3.09309 0.0481044 3.13497
520.936 -148.285 55.6727 3.09306 0.0483379 3.13522
520.982 -148.406 55.8768 3.09301 0.0486094 3.1355
521.009 -148.509 56.0614 3.09298 0.0488172 3.13574
521.005 -148.585 56.2257 3.09299 0.0489146 3.13597
520.972 -148.644 56.377 3.09303 0.0489118 3.13621
520.909 -148.689 56.5069 3.0931 0.0488006 3.13644
520.782 -148.728 56.6704 3.09324 0.0484963 3.13676
520.681 -148.726 56.7639 3.09336 0.0482906 3.13692
520.523 -148.7 56.8882 3.09357 0.0480342 3.13707
520.408 -148.677 56.9634 3.09371 0.0478681 3.13714
520.231 -148.64 57.0519 3.09391 0.0475743 3.13723
520.099 -148.607 57.1158 3.09406 0.0473678 3.13727
519.984 -148.578 57.1607 3.09418 0.0471964 3.1373
519.834 -148.563 57.2275 3.09432 0.0469851 3.13737
519.728 -148.578 57.2678 3.09438 0.0468134 3.13746
519.586 -148.615 57.3011 3.09444 0.0465554 3.13762
519.483 -148.643 57.3185 3.09447 0.0463696 3.13772
519.384 -148.669 57.3362 3.0945 0.0461984 3.13781
519.207 -148.702 57.3485 3.09455 0.045869 3.13793
519.089 -148.711 57.3436 3.09459 0.0455977 3.138
518.926 -148.702 57.3297 3.09467 0.0452121 3.13806
518.793 -148.687 57.3051 3.09473 0.0448966 3.13809
518.595 -148.653 57.2563 3.09484 0.0443879 3.13813
518.447 -148.623 57.2165 3.09492 0.0439877 3.13815
518.32 -148.598 57.1803 3.09498 0.0436463 3.13817
518.167 -148.581 57.126 3.09501 0.0432806 3.13817
518.097 -148.585 57.0933 3.09501 0.0431373 3.13816
518.023 -148.595 57.0592 3.095 0.0429912 3.13816
517.942 -148.603 57.0221 3.09499 0.0428313 3.13815
517.864 -148.604 56.9861 3.095 0.042674 3.13814
517.78 -148.606 56.9461 3.09502 0.0425037 3.13814
517.673 -148.616 56.891 3.09504 0.0422788 3.13816
517.567 -148.632 56.834 3.09505 0.0420457 3.1382
517.415 -148.664 56.7527 3.09507 0.041688 3.13829
517.29 -148.704 56.6808 3.09507 0.0413969 3.13838
517.119 -148.774 56.5771 3.09505 0.041005 3.13853
516.992 -148.821 56.4958 3.09503 0.0407171 3.13862
516.881 -148.852 56.4196 3.09501 0.0404633 3.13867
516.74 -148.872 56.3062 3.095 0.0401244 3.13869
516.628 -148.871 56.1981 3.095 0.039839 3.13866
516.479 -148.847 56.0305 3.09502 0.0394376 3.13858
516.388 -148.829 55.9062 3.09501 0.0391724 3.13851
516.301 -148.817 55.7612 3.09498 0.0388982 3.13843
516.176 -148.811 55.5167 3.0949 0.0384718 3.1383
516.109 -148.816 55.3563 3.0948 0.0382169 3.13822
516.026 -148.837 55.0953 3.09453 0.0378458 3.1381
515.988 -148.85 54.9219 3.09436 0.0376271 3.13801
515.902 -148.864 54.6038 3.09411 0.0372035 3.13782
515.824 -148.865 54.3621 3.09396 0.0368614 3.13766
515.741 -148.86 54.1103 3.0938 0.0364996 3.1375
515.59 -148.834 53.6915 3.09358 0.0358736 3.13721
515.461 -148.806 53.3555 3.09342 0.0353591 3.13697
515.238 -148.762 52.7784 3.09318 0.0344684 3.1366
515.107 -148.743 52.4036 3.09299 0.0339094 3.13638
514.941 -148.742 51.8007 3.09259 0.0330839 3.13606
514.88 -148.75 51.4507 3.09233 0.032664 3.13586
514.884 -148.768 51.0345 3.09194 0.0323026 3.13555
514.952 -148.802 50.8296 3.09166 0.0322455 3.13534
515.129 -148.913 50.7274 3.09128 0.0324643 3.13527
515.268 -149.006 50.748 3.09106 0.0327237 3.13532
515.398 -149.101 50.7957 3.09086 0.0329941 3.13539
515.565 -149.209 50.8707 3.09064 0.0333521 3.13547
515.643 -149.258 50.8996 3.09053 0.033513 3.13551
515.702 -149.301 50.9038 3.09044 0.0336169 3.13554
515.723 -149.318 50.8786 3.09038 0.0336308 3.13552
515.753 -149.33 50.8362 3.09031 0.0336442 3.13549
515.78 -149.333 50.812 3.09026 0.0336661 3.13546
515.809 -149.339 50.8034 3.09021 0.0337075 3.13543
515.843 -149.344 50.7949 3.09016 0.0337574 3.13539
515.856 -149.345 50.7925 3.09013 0.0337784 3.13537
515.858 -149.342 50.7866 3.09012 0.0337776 3.13534
515.858 -149.342 50.7817 3.0901 0.0337729 3.13533
515.856 -149.34 50.7775 3.0901 0.0337663 3.13532
515.854 -149.337 50.7726 3.09009 0.0337568 3.13531
515.845 -149.334 50.7553 3.09007 0.0337262 3.13528
515.842 -149.332 50.7437 3.09006 0.0337096 3.13527
515.839 -149.329 50.7323 3.09005 0.0336946 3.13525
515.84 -149.328 50.7207 3.09004 0.0336847 3.13523
515.848 -149.332 50.7197 3.09002 0.0336958 3.13523
515.876 -149.343 50.7304 3.08999 0.0337515 3.13523
515.906 -149.352 50.7425 3.08995 0.0338105 3.13523
515.944 -149.36 50.7551 3.08991 0.0338839 3.13523
515.996 -149.363 50.7638 3.08987 0.0339774 3.13521
516.037 -149.356 50.7692 3.08984 0.0340487 3.13517
516.112 -149.331 50.7839 3.08979 0.0341869 3.13507
516.174 -149.305 50.7973 3.08975 0.0343019 3.13499
516.266 -149.268 50.819 3.08967 0.0344731 3.13487
516.345 -149.253 50.8351 3.08961 0.0346168 3.13481
516.501 -149.247 50.8684 3.08949 0.0348974 3.13474
516.638 -149.255 50.8928 3.08937 0.0351359 3.13472
516.873 -149.292 50.9248 3.08918 0.0355323 3.13474
517.022 -149.319 50.9336 3.08905 0.0357722 3.13476
517.179 -149.346 50.9445 3.08892 0.0360247 3.13478
517.441 -149.392 50.9505 3.0887 0.0364366 3.1348
517.629 -149.427 50.9579 3.08855 0.0367355 3.13482
517.907 -149.475 50.9662 3.08832 0.0371848 3.13483
518.121 -149.509 50.9854 3.08813 0.0375429 3.13481
518.46 -149.557 51.0291 3.08784 0.0381243 3.13477
518.662 -149.58 51.0522 3.08766 0.0384723 3.13472
518.943 -149.599 51.0866 3.08745 0.0389573 3.13464
519.261 -149.596 51.1127 3.08724 0.0394862 3.13452
519.628 -149.576 51.1208 3.08701 0.0400743 3.13434
519.748 -149.564 51.1083 3.08694 0.0402484 3.13428
520.015 -149.539 51.0736 3.08678 0.0406298 3.13414
520.332 -149.538 51.0401 3.08655 0.0410948 3.13401
520.51 -149.559 51.0305 3.08639 0.0413711 3.13397
520.779 -149.588 51.0672 3.08618 0.0418376 3.13391
520.939 -149.607 51.1032 3.08606 0.0421328 3.13386
521.111 -149.637 51.1331 3.0859 0.0424447 3.13383
521.389 -149.681 51.1753 3.08564 0.0429345 3.13377
521.547 -149.71 51.1961 3.08546 0.0432142 3.13373
521.832 -149.763 51.2123 3.08511 0.0437015 3.13364
522.021 -149.798 51.2164 3.08488 0.0440134 3.13359
522.312 -149.847 51.2279 3.08456 0.0445046 3.1335
522.542 -149.886 51.2359 3.08431 0.0448856 3.13344
522.903 -149.955 51.2377 3.08395 0.0454648 3.13338
523.101 -149.991 51.2448 3.08376 0.0457877 3.13336
523.405 -150.043 51.2653 3.0835 0.0463005 3.13332
523.657 -150.072 51.278 3.08329 0.0467111 3.13327
523.897 -150.088 51.3109 3.08311 0.047125 3.13321
524.193 -150.099 51.3222 3.08286 0.0476092 3.13308
524.385 -150.1 51.309 3.08271 0.0479122 3.13298
524.688 -150.091 51.3079 3.0825 0.0483915 3.13284
524.904 -150.091 51.3041 3.08235 0.0487271 3.13275
525.088 -150.082 51.2935 3.08223 0.0490027 3.13267
525.355 -150.04 51.2976 3.08213 0.0494111 3.13256
525.51 -150.018 51.306 3.08207 0.049653 3.1325
525.694 -150.001 51.3168 3.08198 0.0499561 3.13242
525.898 -149.964 51.3365 3.08191 0.0502861 3.13232
526.077 -149.919 51.3611 3.08186 0.0505835 3.13221
526.252 -149.868 51.3706 3.0818 0.0508606 3.13208
526.433 -149.82 51.3767 3.08173 0.0511564 3.13194
526.731 -149.75 51.3957 3.08162 0.051786 3.13167
526.985 -149.697 51.4048 3.08151 0.0528057 3.13121
527.283 -149.641 51.3988 3.08138 0.0542088 3.13057
527.621 -149.586 51.3944 3.08122 0.0557755 3.12988
528.033 -149.577 51.4084 3.08094 0.0575093 3.12923
528.27 -149.589 51.4132 3.08074 0.0584357 3.1289
528.661 -149.611 51.4362 3.0804 0.0598906 3.12841
528.867 -149.634 51.4469 3.08025 0.0605252 3.12824
529.045 -149.669 51.4438 3.08009 0.0609816 3.12815
529.216 -149.709 51.4096 3.07993 0.0613034 3.12812
529.278 -149.712 51.3774 3.07988 0.0613653 3.12811
529.346 -149.716 51.3431 3.07983 0.0614336 3.1281
529.369 -149.717 51.3291 3.07981 0.0614543 3.1281
529.393 -149.72 51.3302 3.0798 0.061489 3.12811
529.407 -149.719 51.3365 3.0798 0.0615156 3.12811
529.434 -149.723 51.3512 3.07978 0.0615728 3.12811
529.497 -149.727 51.388 3.07974 0.0617115 3.12809
529.545 -149.727 51.4149 3.07972 0.0618152 3.12808
529.697 -149.717 51.467 3.07967 0.0623618 3.12791
529.794 -149.712 51.4845 3.07963 0.0627672 3.12778
529.893 -149.715 51.5044 3.07959 0.0630975 3.1277
530.02 -149.713 51.5028 3.07953 0.0634214 3.12763
530.075 -149.709 51.493 3.07951 0.0635061 3.12762
530.127 -149.706 51.4658 3.07947 0.0635642 3.12761
530.165 -149.698 51.446 3.07946 0.0636067 3.12759
530.238 -149.688 51.4443 3.07943 0.0637197 3.12757
530.295 -149.693 51.4593 3.07939 0.0638258 3.12757
530.371 -149.705 51.4849 3.07933 0.0639994 3.12755
530.559 -149.706 51.534 3.07923 0.0646038 3.12738
530.68 -149.701 51.5632 3.07916 0.0649951 3.12726
530.905 -149.684 51.6048 3.07904 0.0657677 3.12699
531.035 -149.675 51.6182 3.07895 0.0662092 3.12682
531.201 -149.672 51.6259 3.07883 0.0666133 3.1267
531.265 -149.682 51.6105 3.07877 0.066698 3.12669
531.29 -149.672 51.5429 3.07873 0.0666673 3.12664
531.262 -149.649 51.471 3.07873 0.0665531 3.12657
531.227 -149.62 51.3926 3.07873 0.0664256 3.12647
531.22 -149.616 51.378 3.07872 0.0664028 3.12645
531.237 -149.632 51.3798 3.07869 0.0664324 3.12646
531.255 -149.648 51.3924 3.07868 0.0664685 3.12649
531.251 -149.66 51.3983 3.07868 0.0664644 3.12651
531.231 -149.672 51.3931 3.07867 0.0664311 3.12652
531.18 -149.677 51.3769 3.0787 0.0663176 3.12655
530.991 -149.669 51.3667 3.07885 0.0657783 3.12674
530.712 -149.644 51.3675 3.0791 0.0648826 3.12705
530.445 -149.637 51.3987 3.0794 0.0639508 3.12745
530.225 -149.633 51.4654 3.07972 0.0633547 3.12772
529.943 -149.646 51.6399 3.08015 0.0629036 3.12801
529.778 -149.672 51.7752 3.08038 0.0626379 3.12824
529.411 -149.754 52.0389 3.08082 0.0617755 3.1289
529.112 -149.844 52.2583 3.08116 0.0610561 3.12946
528.789 -149.935 52.5215 3.08154 0.0603365 3.13005
528.367 -150.057 52.9076 3.08198 0.0593782 3.13088
528.108 -150.129 53.1959 3.08227 0.0589136 3.13137
527.724 -150.251 53.6155 3.08266 0.0581544 3.13215
527.375 -150.398 54.1674 3.08306 0.0576542 3.13302
527.229 -150.467 54.5082 3.08329 0.0576474 3.13341
527.078 -150.532 54.9014 3.08358 0.0577181 3.13382
526.838 -150.583 55.4889 3.08417 0.0576466 3.13451
526.676 -150.614 55.842 3.08452 0.0574836 3.135
526.456 -150.677 56.4034 3.08501 0.0572505 3.13579
526.334 -150.718 56.7605 3.08531 0.0572088 3.13626
526.158 -150.756 57.3069 3.08583 0.0572281 3.13693
526.028 -150.794 57.6695 3.08616 0.057207 3.1374
525.907 -150.861 57.9892 3.08641 0.0571683 3.13787
525.761 -150.946 58.3263 3.08667 0.0570711 3.13842
525.643 -151.069 58.6565 3.08685 0.0569285 3.13904
525.514 -151.186 58.9727 3.08704 0.0567212 3.13966
525.393 -151.303 59.3047 3.08721 0.0566388 3.14022
525.281 -151.444 59.7022 3.08741 0.056691 3.14084
525.232 -151.526 59.9462 3.08751 0.0567987 3.14118
525.181 -151.604 60.2017 3.08763 0.0569328 3.1415
525.132 -151.674 60.4267 3.08772 0.0570462 -3.14141
525.089 -151.744 60.6587 3.08783 0.0571398 -3.14111
525.032 -151.813 60.9677 3.08805 0.0572065 -3.14069
524.978 -151.853 61.1783 3.08825 0.0571816 -3.14037
524.865 -151.89 61.4356 3.08861 0.0569588 -3.13993
524.779 -151.909 61.6423 3.08887 0.0567526 -3.13956
524.717 -151.929 61.8443 3.08908 0.0566684 -3.13925
524.686 -151.984 62.1608 3.08933 0.0568449 -3.13886
524.675 -152.027 62.3693 3.08945 0.0569988 -3.13862
524.682 -152.09 62.7146 3.08964 0.0573037 -3.13825
524.7 -152.15 62.962 3.08973 0.0575333 -3.13797
524.744 -152.235 63.2423 3.0898 0.0578314 -3.13765
524.847 -152.355 63.6854 3.0899 0.0583674 -3.13718
524.916 -152.429 63.9555 3.08996 0.0587022 -3.13688
525.041 -152.558 64.384 3.09003 0.0592649 -3.13642
525.126 -152.627 64.6838 3.09012 0.0596554 -3.13612
527.171 -146.274 68.1303 3.10141 0.0650444 3.14157
527.171 -146.183 68.0857 3.10149 0.0649989 3.14141
527.17 -146.131 68.0594 3.10154 0.0649683 3.14132
527.168 -146.077 68.0315 3.1016 0.0649365 3.14123
527.165 -146.031 68.0038 3.10164 0.0649026 3.14115
527.16 -145.997 67.9818 3.10168 0.0648719 3.14109
527.157 -145.967 67.961 3.10171 0.0648433 3.14105
527.154 -145.939 67.943 3.10174 0.0648194 3.141
527.15 -145.916 67.9255 3.10176 0.0647939 3.14097
527.146 -145.888 67.909 3.10179 0.0647709 3.14092
527.145 -145.87 67.8992 3.10181 0.0647567 3.1409
527.144 -145.854 67.8916 3.10183 0.0647465 3.14087
527.143 -145.835 67.8827 3.10186 0.0647348 3.14085
527.143 -145.823 67.8775 3.10187 0.0647299 3.14083
527.143 -145.81 67.8725 3.10188 0.0647244 3.14081
527.144 -145.795 67.8671 3.1019 0.0647203 3.14078
527.144 -145.785 67.8637 3.10191 0.0647177 3.14077
527.145 -145.776 67.8614 3.10192 0.0647164 3.14075
527.147 -145.763 67.8597 3.10194 0.0647164 3.14074
527.149 -145.753 67.8588 3.10195 0.0647181 3.14073
527.15 -145.746 67.8582 3.10196 0.064719 3.14072
527.152 -145.736 67.8582 3.10198 0.0647214 3.14071
527.154 -145.73 67.8585 3.10199 0.0647238 3.1407
527.155 -145.724 67.8588 3.102 0.0647257 3.14069
527.157 -145.715 67.8594 3.10201 0.0647284 3.14068
527.159 -145.708 67.8603 3.10202 0.0647318 3.14068
527.161 -145.702 67.8613 3.10203 0.0647356 3.14067
527.164 -145.693 67.8632 3.10204 0.0647413 3.14066
527.166 -145.686 67.8644 3.10205 0.0647448 3.14065
527.169 -145.677 67.8668 3.10207 0.0647515 3.14064
527.171 -145.671 67.8683 3.10208 0.0647554 3.14064
527.173 -145.665 67.8699 3.10209 0.0647601 3.14063
527.176 -145.656 67.872 3.1021 0.064766 3.14062
527.177 -145.65 67.8732 3.10211 0.0647693 3.14061
527.179 -145.646 67.8744 3.10211 0.0647727 3.14061
527.181 -145.639 67.8756 3.10213 0.0647763 3.1406
527.182 -145.634 67.8767 3.10213 0.0647797 3.1406
527.185 -145.626 67.8781 3.10215 0.0647839 3.14059
527.186 -145.621 67.879 3.10216 0.0647867 3.14059
527.187 -145.616 67.8797 3.10216 0.0647893 3.14058
527.188 -145.611 67.8804 3.10217 0.064791 3.14058
527.19 -145.606 67.8814 3.10218 0.064794 3.14057
527.192 -145.599 67.8831 3.10219 0.0647993 3.14056
527.194 -145.595 67.8839 3.1022 0.0648019 3.14056
527.196 -145.588 67.8853 3.10221 0.0648066 3.14055
527.197 -145.583 67.8861 3.10221 0.0648092 3.14055
527.199 -145.58 67.8869 3.10222 0.0648116 3.14054
527.201 -145.572 67.8879 3.10223 0.064815 3.14054
527.202 -145.568 67.8883 3.10224 0.0648163 3.14053
527.203 -145.562 67.889 3.10225 0.0648189 3.14053
527.204 -145.557 67.8897 3.10226 0.064821 3.14053
527.206 -145.551 67.8902 3.10227 0.0648232 3.14052
527.207 -145.548 67.8906 3.10227 0.0648246 3.14052
527.208 -145.543 67.891 3.10228 0.0648262 3.14051
527.21 -145.538 67.8918 3.10229 0.064829 3.14051
527.211 -145.534 67.8921 3.10229 0.0648302 3.1405
527.211 -145.53 67.8923 3.1023 0.064832 3.1405
527.213 -145.525 67.8931 3.10231 0.0648344 3.14049
527.214 -145.521 67.8936 3.10231 0.0648362 3.14049
527.215 -145.516 67.8939 3.10232 0.0648374 3.14049
527.216 -145.513 67.8944 3.10233 0.0648393 3.14048
527.217 -145.509 67.8949 3.10233 0.0648413 3.14048
527.217 -145.506 67.8952 3.10234 0.0648426 3.14048
527.218 -145.503 67.8954 3.10234 0.0648433 3.14047
527.219 -145.498 67.8961 3.10235 0.0648452 3.14047
527.22 -145.495 67.8965 3.10235 0.0648466 3.14046
527.22 -145.492 67.8966 3.10236 0.0648475 3.14046
527.221 -145.488 67.897 3.10237 0.0648492 3.14046
527.222 -145.485 67.8976 3.10237 0.0648508 3.14045
527.223 -145.481 67.898 3.10238 0.0648523 3.14045
527.223 -145.478 67.8983 3.10238 0.0648529 3.14045
527.224 -145.474 67.899 3.10239 0.0648552 3.14044
527.225 -145.471 67.8996 3.10239 0.0648569 3.14044
527.226 -145.467 67.9002 3.1024 0.0648594 3.14043
527.227 -145.465 67.9007 3.1024 0.0648608 3.14043
527.228 -145.461 67.9015 3.10241 0.0648628 3.14043
527.229 -145.458 67.9024 3.10241 0.0648652 3.14042
527.23 -145.455 67.9031 3.10242 0.0648675 3.14042
527.23 -145.452 67.9037 3.10242 0.0648688 3.14042
527.231 -145.45 67.9045 3.10243 0.0648711 3.14041
527.233 -145.446 67.9056 3.10243 0.0648741 3.14041
527.233 -145.444 67.9062 3.10244 0.0648755 3.1404
527.234 -145.44 67.9072 3.10244 0.0648782 3.1404
527.235 -145.438 67.9079 3.10244 0.0648804 3.1404
527.236 -145.436 67.9083 3.10245 0.0648815 3.14039
527.237 -145.432 67.9091 3.10245 0.0648837 3.14039
527.238 -145.43 67.9096 3.10246 0.064885 3.14039
527.239 -145.427 67.9102 3.10246 0.064887 3.14039
527.239 -145.424 67.9104 3.10247 0.064888 3.14038
527.24 -145.422 67.9108 3.10247 0.0648889 3.14038
527.241 -145.419 67.9115 3.10247 0.0648908 3.14038
527.242 -145.416 67.9119 3.10248 0.0648921 3.14037
527.242 -145.414 67.9122 3.10248 0.064893 3.14037
527.243 -145.411 67.9129 3.10249 0.0648949 3.14037
527.244 -145.408 67.9134 3.10249 0.0648963 3.14037
527.244 -145.405 67.9136 3.1025 0.064897 3.14036
527.245 -145.403 67.9138 3.1025 0.0648977 3.14036
527.245 -145.401 67.914 3.1025 0.0648983 3.14036
527.246 -145.399 67.9143 3.10251 0.064899 3.14036
527.246 -145.396 67.9145 3.10251 0.0649 3.14036
527.247 -145.394 67.9145 3.10252 0.0649003 3.14035
527.247 -145.392 67.9147 3.10252 0.0649006 3.14035
