527.451 -145.63 69.5565 3.1069 0.0663974 -3.13401
527.426 -145.543 69.4754 3.10696 0.0662516 -3.13419
527.396 -145.428 69.361 3.10704 0.0660625 -3.13442
527.37 -145.352 69.2781 3.10709 0.0659195 -3.13457
527.343 -145.281 69.198 3.10714 0.0657745 -3.13473
527.317 -145.223 69.1215 3.10717 0.0656448 -3.13486
527.28 -145.132 69.0065 3.10722 0.0654539 -3.13507
527.257 -145.083 68.9418 3.10724 0.0653448 -3.13518
527.233 -145.035 68.8789 3.10726 0.0652329 -3.1353
527.195 -144.961 68.7705 3.10729 0.0650496 -3.13549
527.169 -144.908 68.6996 3.10732 0.0649299 -3.13561
527.151 -144.869 68.6498 3.10734 0.0648422 -3.1357
527.122 -144.818 68.5703 3.10735 0.064704 -3.13583
527.104 -144.781 68.5181 3.10737 0.0646171 -3.13592
527.085 -144.745 68.4657 3.10739 0.064531 -3.13601
527.062 -144.701 68.3998 3.10741 0.0644246 -3.13612
527.042 -144.673 68.3489 3.10741 0.0643425 -3.13619
527.019 -144.634 68.2846 3.10743 0.0642384 -3.13629
527.002 -144.601 68.236 3.10744 0.0641596 -3.13637
526.979 -144.569 68.1771 3.10745 0.064063 -3.13646
526.963 -144.547 68.1354 3.10746 0.0639919 -3.13652
526.937 -144.51 68.0707 3.10747 0.0638787 -3.13661
526.924 -144.491 68.038 3.10748 0.0638205 -3.13666
526.899 -144.464 67.9808 3.10749 0.0637133 -3.13673
526.888 -144.449 67.9524 3.10749 0.0636626 -3.13677
526.87 -144.424 67.907 3.1075 0.0635835 -3.13683
526.858 -144.409 67.8769 3.10751 0.0635317 -3.13687
526.84 -144.39 67.8345 3.10751 0.063459 -3.13693
526.831 -144.377 67.8102 3.10751 0.0634184 -3.13696
526.814 -144.355 67.7695 3.10752 0.063349 -3.13702
526.801 -144.34 67.738 3.10753 0.0632953 -3.13706
526.792 -144.328 67.7158 3.10753 0.0632566 -3.13709
526.78 -144.311 67.6856 3.10754 0.0632048 -3.13714
526.774 -144.301 67.6698 3.10754 0.0631776 -3.13716
526.762 -144.286 67.6395 3.10754 0.0631254 -3.1372
526.756 -144.277 67.6246 3.10755 0.0631001 -3.13722
526.745 -144.264 67.5989 3.10755 0.0630546 -3.13726
526.739 -144.256 67.5829 3.10756 0.0630279 -3.13728
526.73 -144.242 67.5585 3.10756 0.0629862 -3.13731
526.723 -144.233 67.5417 3.10757 0.0629581 -3.13734
526.714 -144.222 67.5194 3.10757 0.0629201 -3.13737
526.707 -144.213 67.5021 3.10757 0.062891 -3.13739
526.699 -144.2 67.4803 3.10758 0.0628556 -3.13742
526.693 -144.192 67.4646 3.10758 0.0628301 -3.13745
526.683 -144.18 67.4391 3.10759 0.0627888 -3.13748
526.678 -144.171 67.425 3.10759 0.0627652 -3.1375
526.669 -144.16 67.402 3.10759 0.0627274 -3.13753
526.663 -144.153 67.3879 3.1076 0.0627042 -3.13755
526.654 -144.14 67.3647 3.1076 0.062667 -3.13758
526.648 -144.132 67.3499 3.1076 0.0626429 -3.1376
526.639 -144.122 67.3267 3.10761 0.0626057 -3.13764
526.631 -144.11 67.3043 3.10761 0.0625698 -3.13767
526.626 -144.101 67.2905 3.10762 0.0625478 -3.13769
526.617 -144.092 67.2696 3.10762 0.0625144 -3.13772
526.611 -144.085 67.2546 3.10762 0.0624902 -3.13773
526.603 -144.075 67.2343 3.10762 0.0624571 -3.13776
526.595 -144.063 67.2128 3.10763 0.0624229 -3.13779
526.59 -144.056 67.1984 3.10763 0.0623999 -3.13781
526.58 -144.045 67.175 3.10763 0.062362 -3.13784
526.573 -144.035 67.1569 3.10763 0.062333 -3.13787
526.568 -144.028 67.1423 3.10764 0.0623094 -3.13789
526.559 -144.019 67.1223 3.10764 0.0622767 -3.13791
526.555 -144.014 67.112 3.10764 0.06226 -3.13793
526.55 -144.007 67.0977 3.10764 0.0622366 -3.13795
526.545 -144.001 67.0867 3.10765 0.0622186 -3.13796
526.54 -143.992 67.071 3.10765 0.0621935 -3.13799
526.537 -143.987 67.0631 3.10765 0.0621807 -3.138
526.533 -143.981 67.0531 3.10766 0.0621647 -3.13801
526.531 -143.978 67.0476 3.10766 0.0621558 -3.13802
526.528 -143.971 67.0392 3.10766 0.0621421 -3.13804
526.526 -143.968 67.0343 3.10767 0.0621343 -3.13804
526.523 -143.964 67.0264 3.10767 0.062121 -3.13805
526.521 -143.96 67.0207 3.10767 0.0621115 -3.13806
526.52 -143.956 67.0161 3.10767 0.0621039 -3.13807
526.516 -143.951 67.0061 3.10767 0.0620875 -3.13809
526.513 -143.948 66.9994 3.10767 0.0620766 -3.13809
526.51 -143.942 66.9905 3.10768 0.0620622 -3.13811
526.507 -143.937 66.9823 3.10768 0.0620492 -3.13812
526.505 -143.933 66.976 3.10768 0.062039 -3.13813
526.502 -143.93 66.9695 3.10768 0.0620283 -3.13814
526.499 -143.924 66.9615 3.10769 0.0620154 -3.13815
526.497 -143.921 66.9569 3.10769 0.0620077 -3.13816
526.495 -143.916 66.9493 3.10769 0.0619952 -3.13817
526.492 -143.912 66.9427 3.10769 0.0619847 -3.13818
526.491 -143.908 66.9374 3.10769 0.0619763 -3.13819
526.489 -143.903 66.931 3.1077 0.0619664 -3.13821
526.487 -143.899 66.9263 3.1077 0.0619589 -3.13821
526.485 -143.894 66.9194 3.1077 0.0619479 -3.13823
526.483 -143.891 66.9144 3.1077 0.0619397 -3.13823
526.481 -143.887 66.909 3.10771 0.0619307 -3.13824
526.479 -143.883 66.903 3.10771 0.0619208 -3.13825
526.472 -143.897 66.8999 3.10771 0.0618857 -3.13823
526.461 -143.93 66.8989 3.10771 0.0618336 -3.13818
526.443 -143.969 66.899 3.10774 0.0617515 -3.13812
526.409 -144.053 66.8978 3.10772 0.0616015 -3.13802
526.393 -144.093 66.8981 3.10767 0.0615307 -3.13798
526.381 -144.113 66.895 3.10764 0.0614788 -3.13795
526.378 -144.118 66.8927 3.10764 0.0614653 -3.13794
526.378 -144.113 66.8912 3.10765 0.0614606 -3.13793
526.381 -144.103 66.8914 3.10767 0.0614614 -3.13793
526.38 -144.103 66.8883 3.10768 0.0614525 -3.13791
526.344 -144.174 66.8654 3.10761 0.0613567 -3.13779
526.296 -144.258 66.8412 3.10753 0.0611999 -3.13764
526.243 -144.338 66.8159 3.10745 0.0609715 -3.13747
526.189 -144.406 66.7895 3.10739 0.0607306 -3.13732
526.164 -144.418 66.7756 3.10739 0.0606368 -3.13727
526.145 -144.406 66.765 3.10741 0.0605839 -3.13727
526.1 -144.362 66.7413 3.10749 0.0604738 -3.13731
526.067 -144.373 66.7181 3.10749 0.0603821 -3.13728
526.002 -144.451 66.67 3.10745 0.0601307 -3.1371
525.934 -144.516 66.6232 3.10741 0.0598605 -3.13695
525.765 -144.65 66.5216 3.10736 0.0591964 -3.13663
525.624 -144.777 66.4397 3.10729 0.0586478 -3.13634
525.427 -144.986 66.3372 3.10714 0.0578676 -3.13589
525.292 -145.135 66.2787 3.10702 0.0572469 -3.13555
525.105 -145.395 66.184 3.10677 0.0564461 -3.13501
525.005 -145.567 66.1153 3.1066 0.0561303 -3.13472
522.86 -148.545 64.5996 3.10348 0.0503992 -3.13
522.592 -148.808 64.3706 3.10318 0.0497696 -3.12967
522.413 -149.008 64.2065 3.10293 0.0493466 -3.12943
522.163 -149.301 63.9571 3.10257 0.0487348 -3.12908
521.988 -149.512 63.7647 3.10229 0.0483115 -3.12885
521.775 -149.806 63.4951 3.10188 0.047867 -3.1286
521.644 -150.009 63.2999 3.10159 0.0477066 -3.12847
521.488 -150.278 63.0068 3.1012 0.0477485 -3.1284
521.372 -150.44 62.8121 3.10096 0.0476416 -3.12835
521.141 -150.718 62.4667 3.10054 0.0472073 -3.12819
521.018 -150.844 62.27 3.10034 0.0469576 -3.12813
520.855 -150.996 61.9503 3.10004 0.0467799 -3.1282
520.778 -151.07 61.7655 3.09983 0.0468081 -3.12831
520.646 -151.171 61.4838 3.09947 0.0467175 -3.12846
520.496 -151.256 61.2588 3.0992 0.0463423 -3.12847
520.29 -151.393 60.9406 3.0987 0.0458384 -3.12846
520.121 -151.53 60.6478 3.09818 0.0454956 -3.1285
519.994 -151.63 60.4335 3.09779 0.0452198 -3.12855
519.795 -151.781 60.1186 3.09734 0.044754 -3.12859
519.656 -151.897 59.9032 3.09707 0.0444277 -3.12859
519.42 -152.117 59.5547 3.09668 0.0438663 -3.1285
519.25 -152.284 59.3235 3.09643 0.0434118 -3.12836
519.057 -152.486 59.0681 3.09614 0.0428931 -3.12817
518.783 -152.772 58.6976 3.09572 0.0421602 -3.12794
518.521 -153.04 58.3236 3.09531 0.041529 -3.12777
518.379 -153.193 58.1029 3.09507 0.0412737 -3.12772
518.169 -153.438 57.7408 3.09468 0.0409507 -3.12769
518.025 -153.611 57.5067 3.09442 0.0406345 -3.12762
517.82 -153.861 57.2016 3.09406 0.0401479 -3.12746
517.69 -154.036 57.0102 3.09379 0.0398335 -3.12734
517.522 -154.295 56.7617 3.09337 0.0394287 -3.12717
517.403 -154.476 56.605 3.09311 0.0391397 -3.12702
517.191 -154.76 56.367 3.09272 0.0386431 -3.12678
517.043 -154.964 56.2061 3.09244 0.0382985 -3.1266
516.84 -155.253 55.9942 3.09202 0.0378385 -3.12636
516.708 -155.44 55.8591 3.09175 0.0375469 -3.12621
516.509 -155.731 55.646 3.09129 0.037112 -3.12602
516.428 -155.859 55.5439 3.09106 0.0369917 -3.12597
516.342 -156.018 55.4147 3.09076 0.0369303 -3.12596
516.31 -156.109 55.3536 3.09061 0.0369351 -3.12594
516.267 -156.257 55.2569 3.09038 0.0369733 -3.1259
516.26 -156.353 55.2039 3.09024 0.0370261 -3.12585
516.271 -156.515 55.1129 3.08999 0.0371696 -3.12578
516.272 -156.625 55.0541 3.08981 0.0372422 -3.12574
516.263 -156.716 54.9866 3.08964 0.0372991 -3.12573
516.238 -156.864 54.853 3.08929 0.0373929 -3.12576
516.201 -156.927 54.7531 3.08908 0.0373621 -3.12581
516.092 -156.975 54.5571 3.08882 0.0370695 -3.12593
515.999 -156.993 54.4 3.08869 0.0367924 -3.12601
515.835 -157.028 54.1238 3.08844 0.0362959 -3.12612
515.722 -157.054 53.9336 3.0883 0.0359498 -3.12619
515.51 -157.105 53.5742 3.08806 0.0352985 -3.12629
515.388 -157.139 53.3521 3.08789 0.0349174 -3.12636
515.214 -157.192 52.9884 3.0876 0.0343484 -3.12651
515.137 -157.227 52.7905 3.08741 0.0340776 -3.12661
515.04 -157.287 52.4961 3.0871 0.0337137 -3.12676
514.992 -157.323 52.2317 3.08683 0.0334474 -3.12695
514.965 -157.314 52.0694 3.08672 0.0332796 -3.12711
514.912 -157.264 51.8333 3.08663 0.032992 -3.12735
514.87 -157.22 51.6902 3.08658 0.0327987 -3.12752
514.821 -157.148 51.4992 3.0865 0.0325585 -3.12779
514.807 -157.1 51.3923 3.08641 0.0324484 -3.12796
514.788 -157.084 51.2528 3.08615 0.0323078 -3.12814
514.781 -157.096 51.1648 3.08592 0.0322343 -3.12824
514.777 -157.103 51.0465 3.08559 0.0321444 -3.12841
514.79 -157.089 50.9806 3.08544 0.0321199 -3.12856
514.816 -157.059 50.9183 3.08528 0.032122 -3.12879
514.865 -157.018 50.8899 3.08515 0.0321871 -3.12901
514.921 -156.989 50.8847 3.08507 0.0322823 -3.12915
514.98 -156.965 50.883 3.085 0.0323849 -3.12927
515.081 -156.917 50.8884 3.08493 0.0325659 -3.12946
515.154 -156.88 50.8942 3.08489 0.0326939 -3.12958
515.236 -156.841 50.902 3.08486 0.0328397 -3.12971
515.348 -156.791 50.9113 3.08482 0.0330354 -3.12987
515.417 -156.779 50.9197 3.08477 0.0331603 -3.12994
515.524 -156.79 50.9341 3.08469 0.0333597 -3.12998
515.594 -156.803 50.9486 3.08464 0.0334979 -3.12999
515.672 -156.818 50.9701 3.0846 0.0336547 -3.13
515.791 -156.841 51.0053 3.08453 0.033897 -3.13
515.874 -156.858 51.0292 3.08449 0.0340665 -3.13001
515.978 -156.875 51.058 3.08443 0.0342787 -3.13002
516.149 -156.893 51.0912 3.08434 0.0346173 -3.13006
516.304 -156.886 51.1068 3.08429 0.0349177 -3.13015
516.413 -156.867 51.1144 3.08425 0.0351268 -3.13024
516.597 -156.818 51.1192 3.0842 0.0354585 -3.13043
516.724 -156.792 51.12 3.08416 0.0356964 -3.13055
516.976 -156.755 51.1339 3.08405 0.0361549 -3.13075
517.152 -156.742 51.1491 3.08396 0.0364892 -3.13086
517.461 -156.711 51.1679 3.0838 0.0372887 -3.13114
517.684 -156.704 51.1714 3.08366 0.0379936 -3.13135
518.026 -156.715 51.1453 3.08347 0.0391981 -3.13171
518.247 -156.721 51.1381 3.08336 0.0399597 -3.13194
518.552 -156.747 51.1392 3.08318 0.0407852 -3.13215
518.751 -156.778 51.1385 3.08304 0.0413133 -3.13225
519.052 -156.849 51.1498 3.08274 0.0421104 -3.13239
519.22 -156.878 51.1578 3.08257 0.0425965 -3.13249
519.458 -156.914 51.1714 3.08235 0.0432407 -3.13263
519.732 -156.945 51.1846 3.08212 0.0439037 -3.13279
519.897 -156.943 51.192 3.08201 0.0442762 -3.1329
520.129 -156.966 51.1851 3.08177 0.0447351 -3.13303
520.284 -157.004 51.1757 3.08159 0.0450253 -3.13308
520.52 -157.065 51.1759 3.08136 0.0455292 -3.13315
520.689 -157.113 51.1773 3.0812 0.0458938 -3.13318
520.934 -157.208 51.1856 3.08093 0.0464205 -3.1332
521.095 -157.278 51.1983 3.08074 0.0467688 -3.13318
521.382 -157.399 51.2199 3.08046 0.0474082 -3.13315
521.556 -157.48 51.2267 3.08028 0.0477974 -3.13314
521.808 -157.577 51.2286 3.08005 0.0483707 -3.13315
522.021 -157.64 51.2377 3.07988 0.0488662 -3.13317
522.29 -157.702 51.2516 3.07967 0.0494208 -3.13321
522.494 -157.748 51.2567 3.07951 0.0498685 -3.13325
522.839 -157.79 51.2641 3.07922 0.0506272 -3.13339
523.052 -157.815 51.2792 3.07898 0.0510538 -3.13346
523.447 -157.868 51.3136 3.07857 0.0519912 -3.13364
523.711 -157.897 51.3252 3.07837 0.0526085 -3.13377
524.127 -157.916 51.3595 3.07817 0.0536901 -3.13404
524.403 -157.929 51.3812 3.07803 0.0544371 -3.13423
524.808 -157.939 51.3724 3.07783 0.0554489 -3.1345
525.058 -157.955 51.3686 3.07769 0.0559891 -3.13461
525.452 -157.975 51.357 3.07749 0.0568127 -3.13478
525.762 -158.023 51.3526 3.07729 0.057379 -3.13485
525.955 -158.072 51.3548 3.07713 0.0577147 -3.13486
526.214 -158.155 51.3601 3.07687 0.0581709 -3.13485
526.392 -158.221 51.375 3.0767 0.0585521 -3.13486
526.681 -158.282 51.3975 3.07644 0.0592543 -3.13498
526.922 -158.315 51.431 3.07626 0.0599128 -3.13512
527.26 -158.333 51.4696 3.07601 0.0608877 -3.13537
527.53 -158.345 51.4889 3.0758 0.0616575 -3.13558
527.929 -158.382 51.5046 3.07549 0.0626082 -3.13578
528.259 -158.425 51.5004 3.07522 0.0633187 -3.1359
528.482 -158.463 51.4825 3.07504 0.0637562 -3.13596
528.802 -158.503 51.4497 3.07484 0.0644047 -3.13607
529.006 -158.507 51.4446 3.07474 0.0648997 -3.1362
529.312 -158.521 51.4469 3.07458 0.0655495 -3.13636
529.508 -158.525 51.4602 3.07449 0.0659443 -3.13646
529.823 -158.476 51.5008 3.0744 0.0667115 -3.13673
530.085 -158.434 51.5316 3.07433 0.0673329 -3.13697
530.412 -158.348 51.554 3.07426 0.0680555 -3.13729
530.623 -158.28 51.5605 3.07424 0.0685317 -3.13752
530.84 -158.203 51.5054 3.07422 0.0688402 -3.13772
530.893 -158.154 51.4276 3.07424 0.0688408 -3.13782
530.908 -158.058 51.3141 3.07431 0.0687373 -3.13798
530.915 -158.023 51.2786 3.07432 0.0687154 -3.13806
530.959 -158.02 51.2926 3.0743 0.0688039 -3.13809
530.999 -158.035 51.3199 3.07427 0.0689032 -3.1381
531.055 -158.075 51.361 3.07419 0.0690468 -3.13808
531.057 -158.1 51.3669 3.07415 0.0690477 -3.13806
531.044 -158.127 51.3663 3.07411 0.0690102 -3.13804
531.03 -158.145 51.3631 3.07408 0.0689643 -3.13802
531.021 -158.16 51.3605 3.07406 0.0689281 -3.138
530.994 -158.192 51.3516 3.07402 0.0688166 -3.13794
530.968 -158.21 51.3457 3.074 0.0686942 -3.1379
530.927 -158.236 51.3359 3.07397 0.0685102 -3.13784
530.896 -158.257 51.3235 3.07395 0.0683914 -3.13778
530.833 -158.293 51.299 3.07393 0.0681245 -3.13767
530.796 -158.314 51.2843 3.07392 0.0679475 -3.13759
530.763 -158.332 51.2735 3.07391 0.0677767 -3.13752
530.739 -158.335 51.2653 3.07391 0.0676739 -3.13749
530.7 -158.324 51.2497 3.07393 0.0675409 -3.13748
530.674 -158.312 51.2387 3.07395 0.0674613 -3.13748
530.632 -158.292 51.2207 3.07398 0.0673477 -3.1375
530.603 -158.278 51.2082 3.074 0.0672777 -3.13751
530.56 -158.254 51.1904 3.07403 0.0671861 -3.13755
530.54 -158.24 51.1818 3.07405 0.0671426 -3.13756
530.516 -158.221 51.1721 3.07408 0.0670922 -3.13759
530.494 -158.205 51.1632 3.0741 0.0670455 -3.13761
530.448 -158.175 51.1439 3.07414 0.0669439 -3.13764
530.411 -158.154 51.1292 3.07417 0.0668601 -3.13767
530.367 -158.127 51.1118 3.07421 0.0667541 -3.1377
530.325 -158.096 51.1 3.07425 0.0666474 -3.13773
530.289 -158.058 51.1001 3.07431 0.0665718 -3.13777
530.262 -158.009 51.1144 3.07437 0.0665321 -3.13783
530.235 -157.922 51.1383 3.07449 0.0664942 -3.13793
530.212 -157.843 51.1504 3.07459 0.06645 -3.13803
530.172 -157.711 51.1526 3.07476 0.0663526 -3.1382
530.104 -157.492 51.1401 3.07502 0.0661737 -3.13848
530.054 -157.311 51.1313 3.07524 0.0660311 -3.13872
529.999 -157.13 51.1252 3.07546 0.0658642 -3.13894
529.894 -156.817 51.1235 3.07585 0.065534 -3.13931
529.809 -156.576 51.1201 3.07616 0.0652724 -3.13958
529.724 -156.282 51.1271 3.07655 0.0650581 -3.13991
529.684 -156.109 51.1389 3.07679 0.0649597 -3.1401
529.612 -155.735 51.1493 3.07727 0.0647751 -3.14055
529.556 -155.506 51.1418 3.07755 0.064637 -3.14084
529.461 -155.1 51.1287 3.07803 0.064404 -3.14139
529.422 -154.855 51.1276 3.07832 0.0642991 3.14147
529.393 -154.57 51.132 3.07867 0.0642054 3.14111
529.367 -154.23 51.1397 3.07908 0.064109 3.14069
529.363 -153.993 51.1529 3.07936 0.0640754 3.14039
529.352 -153.665 51.1662 3.07976 0.0640122 3.13997
529.331 -153.43 51.1688 3.08005 0.063936 3.13969
529.295 -153.066 51.1666 3.0805 0.0638046 3.13926
529.272 -152.831 51.1569 3.08079 0.0637069 3.13899
529.223 -152.471 51.1209 3.08123 0.063513 3.13857
529.188 -152.236 51.0918 3.08151 0.0633772 3.13829
529.115 -151.834 51.0503 3.08198 0.0631439 3.13777
529.068 -151.575 51.0322 3.08227 0.0630038 3.13742
529.005 -151.183 51.0183 3.08271 0.0628119 3.13692
528.979 -150.972 51.0187 3.08295 0.0627267 3.13665
528.951 -150.687 51.0231 3.08327 0.0626271 3.13628
528.939 -150.479 51.0296 3.08349 0.0625712 3.13601
528.914 -150.166 51.0351 3.08381 0.0624769 3.13558
528.887 -149.957 51.032 3.08402 0.0623912 3.13528
528.852 -149.72 51.0212 3.08426 0.0622823 3.13494
528.797 -149.342 50.9923 3.08467 0.0620872 3.13446
528.757 -149.103 50.972 3.08494 0.0619478 3.13417
528.713 -148.737 50.9584 3.08534 0.0617789 3.13372
528.698 -148.512 50.9618 3.08558 0.0617078 3.13342
528.685 -148.192 50.9775 3.08589 0.0616335 3.13299
528.672 -147.971 50.9884 3.0861 0.0615764 3.13268
528.633 -147.677 50.9908 3.08639 0.0614535 3.13228
528.613 -147.568 50.9884 3.08651 0.0613946 3.13214
528.539 -147.151 50.9754 3.08696 0.061165 3.13163
528.514 -146.946 50.9736 3.08717 0.0610719 3.13137
528.508 -146.646 50.9887 3.08745 0.0610053 3.13097
528.519 -146.435 51.0029 3.08764 0.0609881 3.13069
528.529 -146.092 51.0121 3.08797 0.0609363 3.13023
528.515 -145.854 51.0048 3.08821 0.0608579 3.1299
528.492 -145.505 50.9841 3.08856 0.0607251 3.12945
528.497 -145.307 50.9767 3.08876 0.0606751 3.1292
528.53 -145.04 50.9841 3.08899 0.0606633 3.12886
528.561 -144.834 50.9973 3.08918 0.0606763 3.12859
528.593 -144.565 51.0043 3.08944 0.0606796 3.12825
528.619 -144.373 50.9987 3.08964 0.0606744 3.12801
528.644 -144.236 50.9908 3.08978 0.0606801 3.12785
528.69 -144.033 50.9819 3.09003 0.0607007 3.12764
528.713 -143.908 50.978 3.0902 0.0607036 3.12753
528.724 -143.793 50.968 3.09038 0.0606769 3.12746
528.727 -143.763 50.9621 3.09044 0.0606599 3.12746
528.723 -143.768 50.9572 3.09044 0.0606439 3.12748
528.714 -143.796 50.9545 3.0904 0.0606334 3.1275
528.7 -143.835 50.9489 3.09035 0.0606136 3.12754
528.669 -143.916 50.9328 3.09025 0.0605638 3.12763
528.649 -143.974 50.9236 3.09018 0.0605331 3.12769
528.627 -144.057 50.9228 3.09009 0.0605098 3.1278
528.622 -144.103 50.9356 3.09004 0.060521 3.12786
528.621 -144.131 50.9469 3.09002 0.060533 3.12791
528.623 -144.151 50.9611 3.09002 0.0605479 3.12797
528.623 -144.155 50.9632 3.09003 0.0605451 3.128
528.619 -144.166 50.9639 3.09002 0.0605391 3.12803
528.618 -144.171 50.9657 3.09002 0.0605391 3.12804
528.615 -144.182 50.9687 3.09003 0.060537 3.12807
528.613 -144.193 50.9702 3.09002 0.0605347 3.1281
528.616 -144.201 50.9769 3.09003 0.0605442 3.12812
528.623 -144.198 50.9881 3.09006 0.0605639 3.12813
528.633 -144.195 51.0074 3.09013 0.060594 3.12816
528.636 -144.199 51.021 3.09019 0.0606103 3.12818
528.638 -144.225 51.0491 3.09031 0.0606368 3.12826
528.63 -144.27 51.073 3.09039 0.060622 3.12837
528.591 -144.385 51.124 3.09061 0.0604685 3.12869
528.548 -144.528 51.1935 3.0908 0.0602829 3.12911
528.497 -144.721 51.3098 3.09109 0.0600468 3.12966
528.407 -144.95 51.4629 3.09146 0.0596082 3.13036
528.237 -145.187 51.673 3.09188 0.0588399 3.13119
528.009 -145.402 51.9467 3.09238 0.0580663 3.13194
527.79 -145.628 52.3359 3.09268 0.0575317 3.13265
527.748 -145.789 52.782 3.09271 0.057778 3.13308
527.742 -145.911 53.2669 3.09282 0.0581668 3.13349
527.736 -145.988 53.7286 3.093 0.0585036 3.13388
527.746 -146.109 54.5681 3.09338 0.0592085 3.1346
527.771 -146.186 55.1314 3.09361 0.059747 3.13507
527.861 -146.328 55.9168 3.09385 0.0605943 3.13575
527.959 -146.468 56.4618 3.09395 0.0612461 3.13627
528.079 -146.634 57.0402 3.09403 0.0619632 3.13683
528.314 -146.948 57.9925 3.09408 0.0632264 3.13776
528.496 -147.181 58.6173 3.09404 0.0640995 3.13838
528.724 -147.477 59.4123 3.09401 0.0651705 3.13919
528.877 -147.675 59.9587 3.094 0.0658479 3.13978
529 -147.877 60.5598 3.09403 0.066359 3.14048
529.043 -148.01 61.057 3.09414 0.0665687 3.14109
529.048 -148.102 61.459 3.09425 0.0667304 3.14156
529.039 -148.181 61.8769 3.09439 0.0669736 -3.14121
528.992 -148.244 62.4216 3.09462 0.0672409 -3.1407
528.933 -148.251 62.7371 3.09479 0.0673368 -3.14043
528.844 -148.226 63.0476 3.09499 0.0673985 -3.14021
528.784 -148.195 63.2827 3.09516 0.0674892 -3.14006
528.746 -148.168 63.526 3.09533 0.0676259 -3.1399
528.717 -148.145 63.7465 3.0955 0.0677628 -3.13975
528.703 -148.122 64.077 3.09574 0.0680225 -3.13952
528.71 -148.115 64.248 3.09585 0.0681824 -3.1394
528.733 -148.118 64.4558 3.09596 0.0683905 -3.13925
527.074 -145.703 68.6842 3.10315 0.0638937 -3.13709
527.056 -145.687 68.6399 3.10316 0.0638262 -3.13714
527.04 -145.67 68.5975 3.10316 0.063763 -3.13719
527.015 -145.647 68.5359 3.10316 0.0636689 -3.13727
526.999 -145.634 68.4983 3.10316 0.0636117 -3.13731
526.975 -145.61 68.4371 3.10317 0.0635192 -3.13739
526.96 -145.595 68.4 3.10317 0.0634638 -3.13744
526.941 -145.577 68.3521 3.10317 0.0633935 -3.1375
526.928 -145.565 68.3201 3.10317 0.0633466 -3.13753
526.912 -145.55 68.2795 3.10317 0.0632865 -3.13758
526.902 -145.54 68.2543 3.10318 0.0632492 -3.13761
526.887 -145.526 68.2156 3.10318 0.0631904 -3.13766
526.877 -145.517 68.1922 3.10318 0.0631548 -3.13769
526.869 -145.509 68.1713 3.10318 0.0631229 -3.13772
526.855 -145.495 68.1374 3.10318 0.0630709 -3.13776
526.846 -145.486 68.1142 3.10318 0.0630348 -3.13779
526.838 -145.477 68.0943 3.10319 0.0630042 -3.13781
526.83 -145.47 68.074 3.10319 0.0629723 -3.13784
526.82 -145.46 68.0486 3.10319 0.0629334 -3.13787
526.813 -145.453 68.0318 3.10319 0.0629076 -3.13789
526.807 -145.445 68.0151 3.10319 0.062882 -3.13791
526.798 -145.436 67.9935 3.1032 0.0628486 -3.13794
526.792 -145.429 67.9785 3.1032 0.0628258 -3.13796
526.786 -145.421 67.9615 3.1032 0.0628004 -3.13798
526.782 -145.415 67.9506 3.10321 0.0627841 -3.138
526.778 -145.41 67.9392 3.10321 0.062767 -3.13802
526.772 -145.402 67.9228 3.10321 0.0627423 -3.13804
526.768 -145.398 67.9137 3.10321 0.0627287 -3.13805
526.762 -145.391 67.8975 3.10322 0.062704 -3.13807
526.757 -145.385 67.8852 3.10322 0.0626855 -3.13809
526.752 -145.379 67.8713 3.10322 0.0626645 -3.13811
526.747 -145.374 67.8603 3.10322 0.0626478 -3.13812
526.742 -145.368 67.8461 3.10322 0.0626264 -3.13814
526.739 -145.363 67.8377 3.10323 0.0626137 -3.13815
526.733 -145.356 67.8231 3.10323 0.0625918 -3.13817
526.729 -145.351 67.8109 3.10323 0.0625731 -3.13819
526.722 -145.343 67.7947 3.10323 0.0625484 -3.13821
526.718 -145.338 67.7834 3.10323 0.0625313 -3.13823
526.712 -145.331 67.7672 3.10324 0.0625065 -3.13825
526.707 -145.326 67.7561 3.10324 0.0624896 -3.13826
526.703 -145.321 67.7442 3.10324 0.0624712 -3.13828
526.698 -145.315 67.731 3.10324 0.0624508 -3.13829
526.69 -145.307 67.7117 3.10324 0.0624212 -3.13832
526.685 -145.302 67.699 3.10325 0.0624015 -3.13833
526.68 -145.296 67.686 3.10325 0.0623812 -3.13835
526.675 -145.291 67.6741 3.10325 0.0623628 -3.13837
526.67 -145.286 67.662 3.10325 0.0623443 -3.13838
526.663 -145.279 67.6447 3.10325 0.0623174 -3.1384
526.659 -145.275 67.6351 3.10325 0.0623024 -3.13841
526.655 -145.27 67.6232 3.10326 0.0622843 -3.13843
526.651 -145.266 67.6128 3.10326 0.0622681 -3.13844
526.646 -145.261 67.6024 3.10326 0.0622519 -3.13845
526.639 -145.253 67.5835 3.10326 0.0622227 -3.13848
526.634 -145.248 67.5707 3.10326 0.0622028 -3.13849
526.627 -145.242 67.554 3.10326 0.0621767 -3.13852
526.623 -145.237 67.5429 3.10326 0.0621595 -3.13853
526.616 -145.23 67.5267 3.10327 0.0621344 -3.13855
526.612 -145.226 67.5167 3.10327 0.0621187 -3.13856
526.606 -145.22 67.5021 3.10327 0.0620964 -3.13858
526.602 -145.215 67.4918 3.10327 0.0620805 -3.1386
526.596 -145.209 67.4766 3.10327 0.0620571 -3.13862
526.592 -145.204 67.4658 3.10327 0.0620402 -3.13863
526.586 -145.197 67.4504 3.10328 0.0620162 -3.13865
526.582 -145.193 67.4406 3.10328 0.0620008 -3.13866
526.577 -145.188 67.4277 3.10328 0.061981 -3.13868
526.574 -145.185 67.4209 3.10328 0.0619704 -3.13869
526.57 -145.181 67.4115 3.10328 0.0619562 -3.1387
526.568 -145.179 67.4045 3.10328 0.0619455 -3.13871
526.564 -145.175 67.3956 3.10328 0.0619319 -3.13872
526.562 -145.172 67.3903 3.10328 0.0619243 -3.13873
526.559 -145.168 67.3815 3.10329 0.0619111 -3.13874
526.557 -145.166 67.3769 3.10329 0.0619039 -3.13874
526.555 -145.163 67.3718 3.10329 0.0618968 -3.13875
526.554 -145.161 67.3684 3.10329 0.0618919 -3.13876
526.552 -145.158 67.3631 3.10329 0.0618843 -3.13877
526.551 -145.156 67.3608 3.10329 0.0618815 -3.13877
526.55 -145.154 67.3571 3.1033 0.0618764 -3.13878
526.55 -145.152 67.3547 3.1033 0.0618735 -3.13878
526.549 -145.149 67.3512 3.1033 0.0618687 -3.13879
526.548 -145.148 67.3497 3.1033 0.0618672 -3.13879
526.548 -145.146 67.3474 3.1033 0.0618646 -3.1388
526.547 -145.144 67.3457 3.1033 0.0618626 -3.1388
526.547 -145.143 67.3445 3.1033 0.0618616 -3.1388
526.546 -145.141 67.342 3.10331 0.0618585 -3.13881
526.546 -145.14 67.3402 3.10331 0.0618563 -3.13881
526.545 -145.138 67.3376 3.10331 0.0618528 -3.13881
526.544 -145.137 67.3357 3.10331 0.0618504 -3.13882
526.544 -145.136 67.334 3.10331 0.0618483 -3.13882
526.543 -145.134 67.331 3.10331 0.0618442 -3.13883
526.542 -145.133 67.3294 3.10331 0.0618423 -3.13883
526.542 -145.132 67.3271 3.10331 0.0618395 -3.13883
526.541 -145.13 67.3253 3.10331 0.0618369 -3.13884
526.54 -145.129 67.3224 3.10331 0.0618332 -3.13884
526.54 -145.127 67.3207 3.10332 0.0618308 -3.13884
526.539 -145.125 67.3178 3.10332 0.0618269 -3.13885
526.538 -145.124 67.3158 3.10332 0.0618242 -3.13885
526.537 -145.123 67.3135 3.10332 0.0618211 -3.13886
526.537 -145.12 67.3114 3.10332 0.0618185 -3.13886
526.536 -145.12 67.3097 3.10332 0.0618163 -3.13886
526.535 -145.118 67.3069 3.10332 0.0618123 -3.13887
526.535 -145.116 67.3055 3.10333 0.0618109 -3.13887
526.535 -145.114 67.3038 3.10333 0.0618089 -3.13887
526.534 -145.113 67.3022 3.10333 0.0618069 -3.13888
526.534 -145.112 67.2999 3.10333 0.0618041 -3.13888
526.533 -145.111 67.2989 3.10333 0.061803 -3.13888
526.533 -145.109 67.2966 3.10333 0.0617998 -3.13889
526.532 -145.108 67.2953 3.10333 0.061798 -3.13889
526.532 -145.107 67.2939 3.10333 0.0617965 -3.13889
526.532 -145.107 67.2931 3.10333 0.0617956 -3.13889
526.531 -145.105 67.2915 3.10334 0.0617938 -3.1389
526.531 -145.104 67.2904 3.10334 0.0617924 -3.1389
526.531 -145.103 67.2896 3.10334 0.0617919 -3.1389
526.531 -145.102 67.2887 3.10334 0.0617909 -3.1389
526.531 -145.101 67.2878 3.10334 0.0617901 -3.13891
526.53 -145.1 67.2867 3.10334 0.0617889 -3.13891
526.53 -145.099 67.2862 3.10334 0.0617885 -3.13891
526.53 -145.098 67.2852 3.10334 0.0617874 -3.13891
526.53 -145.097 67.2844 3.10334 0.0617867 -3.13891
526.53 -145.096 67.2839 3.10335 0.0617865 -3.13892
526.53 -145.095 67.2829 3.10335 0.0617857 -3.13892
526.53 -145.094 67.2822 3.10335 0.0617852 -3.13892
526.53 -145.094 67.2816 3.10335 0.0617846 -3.13892
526.53 -145.093 67.2807 3.10335 0.061784 -3.13893
526.53 -145.092 67.2801 3.10335 0.0617836 -3.13893
526.529 -145.091 67.279 3.10335 0.0617825 -3.13893
526.529 -145.09 67.2783 3.10335 0.0617816 -3.13893
526.529 -145.09 67.2778 3.10335 0.0617812 -3.13893
526.529 -145.089 67.2766 3.10335 0.0617797 -3.13893
526.528 -145.088 67.2757 3.10335 0.0617784 -3.13894
526.528 -145.087 67.2746 3.10336 0.0617771 -3.13894
526.528 -145.087 67.2738 3.10336 0.0617763 -3.13894
526.527 -145.086 67.2724 3.10336 0.0617743 -3.13894
526.527 -145.085 67.2716 3.10336 0.0617732 -3.13894
526.527 -145.085 67.2706 3.10336 0.0617723 -3.13894
526.527 -145.084 67.2698 3.10336 0.0617713 -3.13895
526.526 -145.083 67.2688 3.10336 0.0617698 -3.13895
526.526 -145.082 67.2679 3.10336 0.0617689 -3.13895
526.526 -145.082 67.2674 3.10336 0.0617687 -3.13895
526.526 -145.08 67.2666 3.10336 0.0617678 -3.13895
526.526 -145.08 67.2662 3.10336 0.0617676 -3.13896
526.526 -145.079 67.2657 3.10336 0.0617671 -3.13896
526.526 -145.078 67.2649 3.10336 0.0617662 -3.13896
526.526 -145.077 67.2642 3.10337 0.0617654 -3.13896
526.526 -145.077 67.2639 3.10337 0.0617652 -3.13896
526.526 -145.076 67.2633 3.10337 0.0617647 -3.13896
526.525 -145.075 67.2621 3.10337 0.0617631 -3.13897
526.525 -145.075 67.2617 3.10337 0.0617625 -3.13897
526.525 -145.074 67.2614 3.10337 0.0617625 -3.13897
526.525 -145.073 67.2601 3.10337 0.0617608 -3.13897
526.525 -145.073 67.259 3.10337 0.0617591 -3.13897
526.524 -145.072 67.2587 3.10337 0.0617589 -3.13897
526.524 -145.072 67.2582 3.10337 0.0617582 -3.13897
526.524 -145.071 67.257 3.10337 0.0617568 -3.13898
526.524 -145.071 67.2564 3.10337 0.0617558 -3.13898
526.524 -145.07 67.256 3.10337 0.0617556 -3.13898
526.524 -145.07 67.2555 3.10337 0.0617551 -3.13898
526.523 -145.069 67.2551 3.10337 0.0617545 -3.13898
526.524 -145.069 67.255 3.10337 0.0617545 -3.13898
526.523 -145.068 67.2545 3.10338 0.061754 -3.13898
526.523 -145.068 67.2541 3.10338 0.0617536 -3.13898
526.523 -145.067 67.2537 3.10338 0.0617535 -3.13898
526.523 -145.067 67.2536 3.10338 0.0617537 -3.13898
526.523 -145.066 67.2532 3.10338 0.0617534 -3.13899
526.523 -145.066 67.253 3.10338 0.0617533 -3.13899
526.524 -145.066 67.2529 3.10338 0.0617534 -3.13899
526.524 -145.065 67.2528 3.10338 0.0617538 -3.13899
526.524 -145.064 67.2525 3.10338 0.0617537 -3.13899
526.524 -145.064 67.2524 3.10338 0.061754 -3.13899
526.524 -145.063 67.2525 3.10338 0.0617544 -3.13899
526.524 -145.062 67.2522 3.10338 0.0617546 -3.13899
526.524 -145.062 67.2522 3.10338 0.0617548 -3.13899
526.524 -145.062 67.2521 3.10338 0.061755 -3.139
526.524 -145.061 67.2519 3.10339 0.0617551 -3.139
526.524 -145.061 67.2518 3.10339 0.0617551 -3.139
526.525 -145.06 67.2515 3.10339 0.0617551 -3.139
526.525 -145.06 67.2514 3.10339 0.0617552 -3.139
526.525 -145.06 67.2511 3.10339 0.0617551 -3.139
526.524 -145.059 67.2504 3.10339 0.0617544 -3.139
526.524 -145.058 67.2501 3.10339 0.0617541 -3.139
526.524 -145.058 67.2494 3.10339 0.0617534 -3.139
526.524 -145.057 67.2492 3.10339 0.0617532 -3.139
526.524 -145.057 67.2481 3.10339 0.0617517 -3.13901
526.524 -145.056 67.247 3.10339 0.0617501 -3.13901
526.523 -145.055 67.2464 3.10339 0.0617495 -3.13901
526.523 -145.055 67.2456 3.10339 0.0617483 -3.13901
526.523 -145.055 67.2448 3.10339 0.0617472 -3.13901
526.523 -145.054 67.244 3.10339 0.0617462 -3.13901
526.522 -145.053 67.2431 3.10339 0.0617452 -3.13901
526.522 -145.053 67.2428 3.10339 0.0617449 -3.13902
526.522 -145.052 67.2417 3.1034 0.0617435 -3.13902
526.522 -145.052 67.2412 3.1034 0.0617428 -3.13902
526.522 -145.051 67.2406 3.1034 0.0617424 -3.13902
526.521 -145.051 67.2399 3.1034 0.0617417 -3.13902
526.521 -145.05 67.239 3.1034 0.0617406 -3.13902
526.521 -145.05 67.2386 3.1034 0.0617402 -3.13902
526.521 -145.049 67.2378 3.1034 0.061739 -3.13903
526.521 -145.049 67.2371 3.1034 0.0617381 -3.13903
526.52 -145.049 67.2366 3.1034 0.0617377 -3.13903
526.52 -145.048 67.2361 3.1034 0.061737 -3.13903
526.52 -145.048 67.2359 3.1034 0.0617369 -3.13903
526.52 -145.047 67.2351 3.1034 0.061736 -3.13903
526.52 -145.047 67.2348 3.1034 0.0617355 -3.13903
526.52 -145.046 67.2347 3.1034 0.0617358 -3.13903
526.52 -145.046 67.2344 3.1034 0.0617355 -3.13903
526.52 -145.046 67.2342 3.1034 0.0617355 -3.13903
526.52 -145.045 67.2341 3.1034 0.0617355 -3.13903
526.52 -145.045 67.2341 3.1034 0.0617357 -3.13904
526.52 -145.045 67.2338 3.1034 0.0617356 -3.13904
526.52 -145.044 67.2335 3.1034 0.0617354 -3.13904
526.521 -145.044 67.2336 3.1034 0.0617362 -3.13904
526.521 -145.043 67.2337 3.1034 0.0617366 -3.13904
526.521 -145.043 67.2334 3.1034 0.0617363 -3.13904
526.521 -145.043 67.2334 3.10341 0.0617365 -3.13904
526.521 -145.042 67.2334 3.10341 0.0617368 -3.13904
526.521 -145.041 67.2336 3.10341 0.0617376 -3.13904
526.521 -145.041 67.2335 3.10341 0.0617378 -3.13904
526.521 -145.041 67.2336 3.10341 0.0617381 -3.13904
526.521 -145.041 67.2336 3.10341 0.061739 -3.13904
526.522 -145.04 67.2336 3.10341 0.0617392 -3.13904
526.522 -145.04 67.2336 3.10341 0.0617395 -3.13904
526.522 -145.04 67.2336 3.10341 0.0617401 -3.13905
526.522 -145.039 67.2337 3.10341 0.0617406 -3.13905
526.522 -145.039 67.2336 3.10341 0.0617408 -3.13905
526.522 -145.039 67.2335 3.10341 0.0617409 -3.13905
526.522 -145.039 67.2333 3.10341 0.0617409 -3.13905
526.522 -145.038 67.2333 3.10341 0.0617411 -3.13905
526.522 -145.038 67.2331 3.10341 0.061741 -3.13905
526.522 -145.038 67.2329 3.10341 0.0617409 -3.13905
526.522 -145.037 67.2327 3.10341 0.0617412 -3.13905
526.522 -145.037 67.2327 3.10341 0.0617413 -3.13905
526.522 -145.037 67.2325 3.10341 0.0617414 -3.13905
526.522 -145.037 67.2323 3.10341 0.0617413 -3.13905
526.522 -145.036 67.2322 3.10341 0.0617414 -3.13905
526.522 -145.036 67.2319 3.10342 0.0617413 -3.13905
526.523 -145.035 67.232 3.10342 0.0617417 -3.13906
526.523 -145.035 67.2318 3.10342 0.0617417 -3.13906
526.522 -145.035 67.2313 3.10342 0.0617411 -3.13906
526.522 -145.034 67.2312 3.10342 0.0617414 -3.13906
526.523 -145.034 67.2311 3.10342 0.0617415 -3.13906
526.522 -145.033 67.2306 3.10342 0.0617412 -3.13906
526.522 -145.033 67.2302 3.10342 0.0617409 -3.13906
526.523 -145.032 67.2303 3.10342 0.0617415 -3.13906
526.523 -145.032 67.2303 3.10342 0.0617416 -3.13906
526.523 -145.032 67.2298 3.10342 0.061741 -3.13906
526.523 -145.031 67.2295 3.10342 0.0617408 -3.13906
526.523 -145.031 67.2296 3.10342 0.0617413 -3.13906
526.523 -145.03 67.2295 3.10342 0.0617415 -3.13907
526.523 -145.03 67.2292 3.10342 0.0617411 -3.13907
526.523 -145.03 67.2292 3.10342 0.0617415 -3.13907
526.523 -145.029 67.2292 3.10342 0.0617419 -3.13907
526.523 -145.029 67.2292 3.10342 0.061742 -3.13907
526.523 -145.029 67.229 3.10342 0.0617419 -3.13907
526.523 -145.028 67.229 3.10342 0.0617422 -3.13907
526.523 -145.028 67.2291 3.10343 0.0617429 -3.13907
526.524 -145.027 67.2291 3.10343 0.061743 -3.13907
526.524 -145.027 67.2289 3.10343 0.061743 -3.13907
526.524 -145.027 67.229 3.10343 0.0617435 -3.13907
526.524 -145.026 67.229 3.10343 0.061744 -3.13907
526.524 -145.026 67.2291 3.10343 0.0617442 -3.13907
526.524 -145.026 67.2291 3.10343 0.0617445 -3.13907
526.524 -145.026 67.2291 3.10343 0.0617449 -3.13907
526.524 -145.025 67.2292 3.10343 0.0617454 -3.13908
526.524 -145.025 67.2291 3.10343 0.0617453 -3.13908
526.524 -145.024 67.229 3.10343 0.0617454 -3.13908
526.525 -145.024 67.229 3.10343 0.0617458 -3.13908
526.525 -145.024 67.229 3.10343 0.061746 -3.13908
526.525 -145.023 67.2291 3.10343 0.0617464 -3.13908
526.525 -145.023 67.229 3.10343 0.0617465 -3.13908
526.525 -145.023 67.2291 3.10343 0.0617469 -3.13908
526.525 -145.022 67.2291 3.10343 0.0617472 -3.13908
526.525 -145.022 67.2292 3.10343 0.0617474 -3.13908
526.525 -145.021 67.2291 3.10344 0.0617474 -3.13908
526.526 -145.021 67.2291 3.10344 0.0617475 -3.13908
526.525 -145.021 67.2289 3.10344 0.0617473 -3.13908
526.526 -145.021 67.2289 3.10344 0.0617476 -3.13908
526.526 -145.02 67.2288 3.10344 0.0617476 -3.13908
526.525 -145.02 67.2281 3.10344 0.0617468 -3.13909
526.526 -145.019 67.2281 3.10344 0.0617469 -3.13909
526.525 -145.019 67.2276 3.10344 0.0617464 -3.13909
526.525 -145.019 67.2272 3.10344 0.0617459 -3.13909
526.525 -145.018 67.2269 3.10344 0.0617457 -3.13909
526.525 -145.017 67.2268 3.10344 0.0617457 -3.13909
526.525 -145.017 67.2266 3.10344 0.0617457 -3.13909
526.526 -145.017 67.2264 3.10344 0.0617456 -3.13909
526.526 -145.016 67.2261 3.10344 0.0617456 -3.13909
526.526 -145.016 67.2261 3.10344 0.0617458 -3.13909
526.526 -145.016 67.2258 3.10344 0.0617454 -3.13909
526.526 -145.015 67.2256 3.10344 0.0617453 -3.13909
526.526 -145.015 67.2254 3.10344 0.061745 -3.13909
526.526 -145.014 67.2252 3.10344 0.0617449 -3.1391
526.526 -145.014 67.2252 3.10344 0.0617451 -3.1391
526.526 -145.014 67.2248 3.10344 0.0617449 -3.1391
526.526 -145.014 67.2247 3.10344 0.0617448 -3.1391
526.526 -145.013 67.2246 3.10345 0.061745 -3.1391
526.526 -145.013 67.2246 3.10345 0.061745 -3.1391
526.526 -145.013 67.2246 3.10345 0.0617455 -3.1391
526.526 -145.013 67.2246 3.10345 0.0617455 -3.1391
526.526 -145.012 67.2248 3.10345 0.0617461 -3.1391
526.526 -145.011 67.2248 3.10345 0.0617464 -3.1391
526.526 -145.011 67.2248 3.10345 0.0617468 -3.1391
526.526 -145.011 67.2249 3.10345 0.0617469 -3.1391
526.527 -145.011 67.2249 3.10345 0.0617474 -3.1391
526.527 -145.01 67.2248 3.10345 0.0617472 -3.1391
526.527 -145.01 67.2249 3.10345 0.0617476 -3.1391
526.527 -145.01 67.2249 3.10345 0.0617479 -3.1391
526.527 -145.01 67.2249 3.10345 0.0617482 -3.1391
526.527 -145.009 67.2248 3.10345 0.0617482 -3.13911
526.527 -145.009 67.2249 3.10345 0.0617486 -3.13911
526.527 -145.008 67.2249 3.10345 0.0617489 -3.13911
526.527 -145.008 67.2249 3.10345 0.0617491 -3.13911
526.527 -145.008 67.2248 3.10345 0.0617493 -3.13911
526.528 -145.007 67.2248 3.10345 0.0617494 -3.13911
526.528 -145.007 67.2247 3.10345 0.0617494 -3.13911
526.528 -145.007 67.2248 3.10345 0.0617499 -3.13911
526.528 -145.006 67.2247 3.10345 0.0617499 -3.13911
526.528 -145.006 67.2246 3.10346 0.0617501 -3.13911
526.528 -145.006 67.2245 3.10346 0.0617501 -3.13911
526.528 -145.006 67.2244 3.10346 0.0617502 -3.13911
526.528 -145.006 67.2242 3.10346 0.06175 -3.13911
526.528 -145.005 67.2241 3.10346 0.0617499 -3.13911
526.528 -145.005 67.2239 3.10346 0.0617498 -3.13911
526.528 -145.005 67.2238 3.10346 0.0617497 -3.13911
526.528 -145.005 67.2236 3.10346 0.0617497 -3.13911
526.528 -145.005 67.2235 3.10346 0.0617497 -3.13911
526.528 -145.005 67.2235 3.10346 0.0617497 -3.13911
526.528 -145.004 67.2229 3.10346 0.061749 -3.13912
526.528 -145.004 67.2226 3.10346 0.0617486 -3.13912
526.528 -145.004 67.2226 3.10346 0.0617489 -3.13912
526.528 -145.004 67.2224 3.10346 0.0617488 -3.13912
526.527 -145.003 67.2217 3.10346 0.0617478 -3.13912
526.527 -145.003 67.2216 3.10346 0.0617478 -3.13912
526.527 -145.003 67.2216 3.10346 0.0617481 -3.13912
526.527 -145.002 67.2213 3.10346 0.0617478 -3.13912
526.527 -145.002 67.2211 3.10346 0.0617477 -3.13912
526.527 -145.002 67.221 3.10346 0.0617475 -3.13912
526.527 -145.002 67.2209 3.10346 0.0617476 -3.13912
526.527 -145.002 67.2207 3.10346 0.0617475 -3.13912
526.527 -145.001 67.2205 3.10346 0.0617473 -3.13912
526.527 -145.001 67.2205 3.10346 0.0617474 -3.13912
526.528 -145.001 67.2205 3.10346 0.0617476 -3.13912
526.528 -145.001 67.2204 3.10346 0.0617477 -3.13912
526.528 -145 67.2203 3.10346 0.0617477 -3.13912
526.528 -145 67.2204 3.10346 0.0617481 -3.13913
526.528 -144.999 67.2205 3.10346 0.0617485 -3.13913
526.528 -144.999 67.2205 3.10346 0.0617489 -3.13913
526.528 -144.999 67.2205 3.10346 0.0617491 -3.13913
526.528 -144.998 67.2207 3.10347 0.0617498 -3.13913
526.529 -144.998 67.2208 3.10347 0.0617502 -3.13913
526.529 -144.998 67.2207 3.10347 0.0617503 -3.13913
526.529 -144.997 67.2206 3.10347 0.0617504 -3.13913
526.529 -144.997 67.2208 3.10347 0.061751 -3.13913
526.529 -144.996 67.2208 3.10347 0.0617514 -3.13913
526.529 -144.996 67.2208 3.10347 0.0617515 -3.13913
526.529 -144.996 67.2208 3.10347 0.0617518 -3.13913
526.529 -144.996 67.2208 3.10347 0.0617522 -3.13913
526.529 -144.995 67.2209 3.10347 0.0617525 -3.13913
526.53 -144.995 67.2208 3.10347 0.0617527 -3.13913
526.53 -144.995 67.2209 3.10347 0.061753 -3.13913
526.53 -144.994 67.221 3.10347 0.0617536 -3.13914
526.53 -144.994 67.2209 3.10347 0.0617537 -3.13914
526.53 -144.994 67.2209 3.10347 0.061754 -3.13914
526.53 -144.994 67.2209 3.10347 0.0617544 -3.13914
526.53 -144.993 67.221 3.10347 0.0617548 -3.13914
526.53 -144.993 67.2208 3.10347 0.0617546 -3.13914
526.53 -144.993 67.2207 3.10347 0.0617548 -3.13914
526.53 -144.993 67.2206 3.10347 0.0617548 -3.13914
526.53 -144.993 67.2204 3.10347 0.0617547 -3.13914
526.53 -144.992 67.2203 3.10347 0.0617547 -3.13914
526.53 -144.992 67.2202 3.10347 0.0617546 -3.13914
526.53 -144.992 67.22 3.10347 0.0617547 -3.13914
526.53 -144.992 67.2199 3.10347 0.0617546 -3.13914
526.53 -144.992 67.2198 3.10347 0.0617545 -3.13914
526.53 -144.991 67.2195 3.10347 0.0617542 -3.13914
526.53 -144.991 67.2195 3.10347 0.0617544 -3.13914
526.53 -144.991 67.2193 3.10347 0.0617541 -3.13914
526.53 -144.991 67.2191 3.10348 0.0617541 -3.13914
526.53 -144.99 67.2191 3.10348 0.0617542 -3.13914
526.53 -144.99 67.2189 3.10348 0.061754 -3.13915
526.53 -144.99 67.2188 3.10348 0.061754 -3.13915
526.53 -144.989 67.2188 3.10348 0.0617543 -3.13915
526.53 -144.989 67.2187 3.10348 0.0617541 -3.13915
526.53 -144.989 67.2186 3.10348 0.0617543 -3.13915
526.53 -144.989 67.2185 3.10348 0.0617542 -3.13915
526.53 -144.989 67.2184 3.10348 0.0617542 -3.13915
526.53 -144.988 67.2183 3.10348 0.0617541 -3.13915
526.53 -144.988 67.2181 3.10348 0.0617541 -3.13915
