526.611 -144.922 68.1015 3.10493 0.0633779 -3.1363
526.618 -144.768 68.0401 3.10504 0.0633117 -3.13661
526.626 -144.673 68.0062 3.10511 0.0632836 -3.13679
526.631 -144.548 67.9541 3.10519 0.0632324 -3.13705
526.633 -144.473 67.9198 3.10524 0.0631978 -3.13722
526.637 -144.355 67.869 3.10531 0.0631458 -3.13747
526.64 -144.277 67.8364 3.10536 0.0631129 -3.13764
526.64 -144.168 67.7845 3.10543 0.0630535 -3.13788
526.638 -144.082 67.7383 3.10548 0.0629966 -3.13807
526.639 -144.02 67.7119 3.10553 0.0629636 -3.13819
526.638 -143.945 67.6715 3.10558 0.062916 -3.13836
526.637 -143.901 67.6482 3.1056 0.062889 -3.13845
526.632 -143.837 67.6067 3.10564 0.0628356 -3.13859
526.63 -143.802 67.5855 3.10567 0.0628079 -3.13866
526.625 -143.752 67.5513 3.1057 0.0627601 -3.13876
526.622 -143.726 67.5316 3.10572 0.0627317 -3.13881
526.617 -143.687 67.5029 3.10575 0.0626894 -3.13889
526.613 -143.666 67.4851 3.10576 0.0626618 -3.13894
526.607 -143.629 67.4558 3.10578 0.0626217 -3.13903
526.602 -143.597 67.4303 3.1058 0.0625869 -3.1391
526.599 -143.573 67.4143 3.10581 0.0625659 -3.13916
526.593 -143.542 67.3868 3.10583 0.0625271 -3.13923
526.59 -143.523 67.3716 3.10584 0.0625058 -3.13927
526.584 -143.49 67.3443 3.10585 0.0624681 -3.13935
526.58 -143.472 67.3277 3.10586 0.0624442 -3.13939
526.575 -143.444 67.3037 3.10588 0.0624104 -3.13946
526.571 -143.425 67.2875 3.10589 0.0623865 -3.1395
526.567 -143.393 67.2637 3.10591 0.0623526 -3.13958
526.564 -143.375 67.249 3.10591 0.0623313 -3.13962
526.559 -143.346 67.2252 3.10593 0.0622971 -3.13969
526.555 -143.328 67.2096 3.10594 0.0622751 -3.13973
526.55 -143.299 67.1861 3.10596 0.0622429 -3.1398
526.546 -143.275 67.1658 3.10597 0.0622157 -3.13985
526.543 -143.258 67.1512 3.10598 0.0621964 -3.13989
526.539 -143.233 67.1313 3.10599 0.0621705 -3.13995
526.537 -143.218 67.1199 3.106 0.0621556 -3.13998
526.533 -143.199 67.104 3.10601 0.0621337 -3.14003
526.531 -143.18 67.09 3.10602 0.0621156 -3.14007
526.53 -143.166 67.0805 3.10603 0.0621037 -3.1401
526.529 -143.15 67.071 3.10604 0.062092 -3.14014
526.528 -143.139 67.063 3.10605 0.0620822 -3.14016
526.527 -143.12 67.0526 3.10606 0.0620697 -3.1402
526.527 -143.11 67.0469 3.10607 0.0620629 -3.14023
526.525 -143.095 67.0368 3.10608 0.0620504 -3.14026
526.524 -143.084 67.0296 3.10608 0.0620415 -3.14028
526.522 -143.069 67.0185 3.10609 0.0620272 -3.14032
526.521 -143.056 67.0087 3.1061 0.0620143 -3.14035
526.519 -143.047 67.0014 3.10611 0.0620047 -3.14037
526.517 -143.035 66.9908 3.10611 0.0619897 -3.1404
526.516 -143.026 66.9851 3.10612 0.0619816 -3.14041
526.514 -143.017 66.9775 3.10613 0.0619709 -3.14044
526.513 -143.009 66.9715 3.10613 0.0619618 -3.14045
526.512 -142.999 66.9648 3.10614 0.0619512 -3.14047
526.511 -142.992 66.9606 3.10614 0.0619459 -3.14049
526.51 -142.982 66.9532 3.10615 0.0619355 -3.14051
526.51 -142.972 66.9481 3.10616 0.061929 -3.14053
526.51 -142.966 66.9448 3.10616 0.0619249 -3.14055
526.509 -142.959 66.9406 3.10616 0.0619192 -3.14056
526.509 -142.955 66.9372 3.10617 0.0619145 -3.14057
526.509 -142.946 66.9335 3.10617 0.0619101 -3.14059
526.509 -142.942 66.9317 3.10618 0.0619086 -3.1406
526.509 -142.938 66.93 3.10618 0.0619065 -3.1406
526.51 -142.93 66.9271 3.10619 0.061903 -3.14062
526.51 -142.926 66.9262 3.10619 0.061903 -3.14063
526.51 -142.919 66.9232 3.1062 0.0618999 -3.14064
526.51 -142.913 66.9201 3.1062 0.0618961 -3.14065
526.51 -142.909 66.9181 3.1062 0.0618941 -3.14066
526.508 -142.904 66.9149 3.10621 0.0618866 -3.14067
526.473 -142.88 66.8784 3.10621 0.0617914 -3.14073
526.428 -142.849 66.8304 3.10624 0.0616732 -3.1408
526.397 -142.824 66.7883 3.10626 0.0615825 -3.14086
526.37 -142.802 66.738 3.10626 0.0614846 -3.14092
526.351 -142.791 66.7065 3.10627 0.0614065 -3.14095
526.326 -142.786 66.6715 3.10626 0.0612928 -3.14096
526.286 -142.8 66.6349 3.10623 0.0610827 -3.14093
526.262 -142.814 66.624 3.10621 0.0609271 -3.14087
526.224 -142.851 66.6215 3.10618 0.0606847 -3.14075
526.203 -142.882 66.6203 3.10616 0.0605655 -3.14068
526.164 -142.971 66.6063 3.10611 0.0604529 -3.14056
526.095 -143.107 66.5544 3.106 0.0602752 -3.14037
525.986 -143.276 66.4705 3.10585 0.0599115 -3.14004
525.77 -143.584 66.3072 3.10559 0.0591194 -3.13941
525.589 -143.836 66.1682 3.10536 0.0584933 -3.13894
525.279 -144.244 65.9111 3.10499 0.0574702 -3.13824
525.084 -144.495 65.7581 3.10475 0.0567942 -3.13779
524.786 -144.85 65.548 3.10437 0.0557158 -3.13715
522.908 -146.49 64.1295 3.10245 0.0513865 -3.13527
522.533 -146.698 63.799 3.10216 0.0505176 -3.13515
522.253 -146.829 63.5287 3.10195 0.0498575 -3.13512
522.012 -146.909 63.2753 3.10177 0.0492551 -3.13516
521.787 -146.966 63.0246 3.10161 0.0486745 -3.13525
521.519 -147.024 62.7032 3.10142 0.0479614 -3.13537
521.222 -147.07 62.3109 3.10118 0.0472386 -3.13561
521 -147.083 61.9714 3.101 0.0467867 -3.13592
520.731 -147.071 61.5264 3.1008 0.0463524 -3.13641
520.544 -147.038 61.2037 3.10067 0.046144 -3.13685
520.211 -147.003 60.712 3.10051 0.0454458 -3.13735
519.966 -147.006 60.3685 3.10038 0.0448042 -3.13758
519.586 -147.039 59.8084 3.10015 0.0438049 -3.13792
519.268 -147.077 59.3241 3.09994 0.0430194 -3.13822
519.008 -147.107 58.9633 3.09979 0.0423465 -3.13841
518.662 -147.137 58.5104 3.09961 0.0414608 -3.13867
518.448 -147.146 58.2174 3.09949 0.0409468 -3.1389
518.132 -147.188 57.7638 3.09925 0.0402045 -3.13924
517.982 -147.256 57.5232 3.09905 0.0399009 -3.1394
517.792 -147.394 57.1691 3.09871 0.0396224 -3.13962
517.687 -147.48 56.9704 3.0985 0.0394838 -3.13975
517.536 -147.601 56.7241 3.09822 0.0391937 -3.13987
517.456 -147.67 56.5972 3.09804 0.039043 -3.13996
517.395 -147.745 56.4934 3.09785 0.0389979 -3.14007
517.389 -147.793 56.4542 3.09773 0.0391121 -3.14016
517.427 -147.882 56.4486 3.09753 0.0394731 -3.14029
517.497 -147.987 56.4726 3.09732 0.0398951 -3.14037
517.566 -148.078 56.4962 3.09714 0.0402346 -3.1404
517.61 -148.181 56.5125 3.09695 0.0404436 -3.14038
517.649 -148.372 56.5269 3.09663 0.0406552 -3.14028
517.667 -148.483 56.5327 3.09645 0.0407671 -3.14022
517.676 -148.624 56.5397 3.09622 0.0408498 -3.14012
517.671 -148.706 56.5402 3.09608 0.0408696 -3.14008
517.652 -148.803 56.5323 3.09592 0.0408687 -3.14003
517.642 -148.874 56.5259 3.0958 0.0408701 -3.13998
517.647 -148.931 56.5257 3.09571 0.0408936 -3.13993
517.656 -149.005 56.5238 3.0956 0.0409226 -3.13986
517.66 -149.041 56.5169 3.09554 0.0409262 -3.13982
517.671 -149.103 56.5029 3.09542 0.0409386 -3.13974
517.706 -149.176 56.4934 3.09524 0.0409996 -3.13966
517.738 -149.235 56.4786 3.09509 0.0410444 -3.13959
517.758 -149.283 56.4519 3.09496 0.0410573 -3.13955
517.773 -149.361 56.3751 3.09472 0.0410254 -3.1395
517.767 -149.394 56.3206 3.09463 0.0409731 -3.13949
517.731 -149.432 56.2006 3.0945 0.0408157 -3.13951
517.701 -149.445 56.1118 3.09443 0.04069 -3.13955
517.635 -149.444 55.9475 3.09431 0.0404427 -3.13967
517.571 -149.429 55.7884 3.0942 0.0402021 -3.13981
517.511 -149.409 55.6474 3.09414 0.039982 -3.13994
517.419 -149.385 55.4452 3.09406 0.0396551 -3.14011
517.344 -149.369 55.3 3.09401 0.0394062 -3.14022
517.221 -149.339 55.0596 3.09395 0.038993 -3.14042
517.111 -149.307 54.8344 3.09389 0.0386161 -3.1406
517.045 -149.286 54.6778 3.09383 0.038372 -3.14074
516.974 -149.251 54.4484 3.09372 0.0380589 -3.14096
516.943 -149.224 54.3058 3.09362 0.0378852 -3.14112
516.901 -149.181 54.0758 3.09341 0.037618 -3.14137
516.869 -149.158 53.9218 3.09328 0.0374329 -3.14153
516.816 -149.134 53.6699 3.09311 0.03713 3.14142
516.755 -149.126 53.4156 3.09294 0.036812 3.14122
516.697 -149.123 53.2203 3.09283 0.0365504 3.14107
516.618 -149.109 53.0133 3.09274 0.0362411 3.14092
516.467 -149.089 52.6862 3.09261 0.0357075 3.14069
516.346 -149.09 52.4503 3.09249 0.0353066 3.14054
516.223 -149.102 52.2099 3.09236 0.0349007 3.14041
516.115 -149.126 51.9846 3.0922 0.0345345 3.14029
516.01 -149.182 51.7323 3.09194 0.0341619 3.14016
515.977 -149.234 51.6158 3.09174 0.0340265 3.1401
515.976 -149.336 51.5169 3.09141 0.033975 3.14005
516.011 -149.476 51.4776 3.09104 0.0340429 3.14008
516.048 -149.603 51.4705 3.09078 0.0341336 3.14014
516.101 -149.805 51.4708 3.0904 0.0342712 3.14028
516.122 -149.949 51.4677 3.09015 0.0343382 3.14039
516.124 -150.173 51.4528 3.08975 0.0343812 3.14054
516.112 -150.304 51.436 3.08948 0.0343783 3.1406
516.098 -150.495 51.4143 3.08901 0.0343832 3.14064
516.092 -150.618 51.4008 3.08867 0.0343955 3.14064
516.084 -150.801 51.3885 3.08817 0.0344278 3.14065
516.088 -150.927 51.3861 3.08786 0.0344728 3.14067
516.125 -151.146 51.4005 3.08738 0.0346098 3.14077
516.169 -151.309 51.4167 3.08704 0.0347402 3.14087
516.248 -151.575 51.4382 3.08652 0.0349575 3.14106
516.328 -151.872 51.4528 3.08601 0.0351704 3.14131
516.374 -152.085 51.4576 3.08567 0.0352972 3.14151
516.423 -152.422 51.4535 3.08515 0.035448 -3.14137
516.443 -152.68 51.4429 3.08476 0.0355275 -3.14112
516.446 -152.922 51.4299 3.08439 0.0355747 -3.14089
516.453 -153.292 51.4127 3.08383 0.0356564 -3.14055
516.465 -153.526 51.4103 3.08345 0.0357341 -3.14037
516.497 -153.833 51.4187 3.08296 0.035878 -3.14014
516.525 -154.025 51.4298 3.08264 0.0359908 -3.14001
516.565 -154.263 51.442 3.08222 0.036141 -3.13987
516.596 -154.42 51.4444 3.08195 0.0362408 -3.13977
516.651 -154.631 51.4412 3.08158 0.0363891 -3.13963
516.719 -154.851 51.4386 3.08119 0.0365593 -3.13949
516.78 -155.032 51.4331 3.08089 0.0366975 -3.13934
516.873 -155.248 51.4279 3.08053 0.0368913 -3.13915
516.938 -155.403 51.4243 3.08027 0.0370294 -3.13902
517.033 -155.686 51.4125 3.0798 0.0372371 -3.13878
517.093 -155.867 51.4018 3.0795 0.0373656 -3.13862
517.198 -156.14 51.3955 3.07906 0.0375904 -3.13837
517.288 -156.361 51.3951 3.07869 0.0377845 -3.13818
517.412 -156.662 51.4051 3.07821 0.0380603 -3.13789
517.554 -156.942 51.4153 3.07776 0.0383615 -3.13762
517.68 -157.145 51.4266 3.07741 0.0386212 -3.13745
517.868 -157.431 51.45 3.07693 0.039015 -3.13719
518.013 -157.638 51.4624 3.07657 0.0393092 -3.137
518.219 -157.928 51.4677 3.07606 0.0397109 -3.13674
518.359 -158.147 51.4638 3.07568 0.0399782 -3.13654
518.546 -158.457 51.4493 3.07515 0.0403377 -3.13627
518.719 -158.708 51.4172 3.0747 0.0406405 -3.13606
518.837 -158.898 51.3945 3.07437 0.0408497 -3.13589
518.96 -159.137 51.3737 3.07396 0.0410791 -3.13567
519.047 -159.292 51.3644 3.0737 0.0412468 -3.13553
519.208 -159.541 51.363 3.07327 0.0415584 -3.13532
519.305 -159.675 51.3708 3.07304 0.0417567 -3.13521
519.438 -159.857 51.3794 3.07271 0.0420252 -3.13507
519.573 -160.004 51.3811 3.07241 0.0422836 -3.13497
519.677 -160.093 51.3804 3.0722 0.042473 -3.13492
519.793 -160.19 51.3793 3.07194 0.0426856 -3.13487
519.991 -160.336 51.3721 3.07155 0.0431251 -3.13484
520.144 -160.423 51.373 3.07131 0.0435482 -3.13487
520.362 -160.535 51.3636 3.07098 0.0441567 -3.13494
520.522 -160.622 51.3636 3.07072 0.0446053 -3.13497
520.72 -160.735 51.3679 3.0704 0.0451579 -3.13501
520.982 -160.865 51.3845 3.07003 0.045904 -3.13507
521.23 -160.979 51.4004 3.06972 0.0465983 -3.13513
521.412 -161.063 51.4205 3.06949 0.047014 -3.13514
521.624 -161.146 51.4352 3.06924 0.0474347 -3.13516
521.775 -161.197 51.4375 3.06907 0.0477911 -3.13522
522.001 -161.262 51.4402 3.06882 0.048335 -3.13534
522.153 -161.299 51.4494 3.06866 0.0486672 -3.1354
522.397 -161.346 51.4624 3.06843 0.0491917 -3.13554
522.572 -161.379 51.4641 3.06827 0.0496006 -3.13565
522.846 -161.438 51.4667 3.06802 0.0502514 -3.1358
523.058 -161.5 51.4587 3.0678 0.0506879 -3.13586
523.13 -161.524 51.4539 3.06772 0.0508088 -3.13587
523.366 -161.588 51.4466 3.06749 0.0512156 -3.13591
523.579 -161.639 51.4628 3.0673 0.0516641 -3.13596
523.746 -161.672 51.4832 3.06717 0.0520116 -3.136
523.959 -161.699 51.5012 3.06702 0.0524312 -3.13607
524.124 -161.71 51.5187 3.06692 0.0527793 -3.13613
524.36 -161.707 51.5401 3.0668 0.0532638 -3.13626
524.506 -161.688 51.5474 3.06674 0.0535809 -3.13638
524.714 -161.617 51.5456 3.0667 0.0539722 -3.1366
524.839 -161.55 51.5384 3.06669 0.0541876 -3.13678
524.992 -161.445 51.5363 3.06669 0.0544304 -3.13702
525.082 -161.364 51.5283 3.0667 0.0545713 -3.1372
525.25 -161.218 51.5228 3.06672 0.0548831 -3.13753
525.413 -161.093 51.5344 3.0667 0.0552068 -3.1378
525.529 -161.001 51.5449 3.0667 0.0554192 -3.13798
525.725 -160.825 51.5724 3.0668 0.0558747 -3.13835
525.852 -160.695 51.5907 3.06688 0.0561793 -3.13863
526.081 -160.48 51.6257 3.06701 0.0567558 -3.13912
526.258 -160.32 51.6458 3.0671 0.0572066 -3.13948
526.535 -160.1 51.6673 3.06725 0.0579571 -3.13997
526.712 -159.959 51.6725 3.06734 0.0583343 -3.14024
526.965 -159.741 51.6832 3.06749 0.0588326 -3.14063
527.129 -159.577 51.685 3.06761 0.0591443 -3.14092
527.345 -159.338 51.6835 3.0678 0.0595663 -3.14134
527.492 -159.179 51.6829 3.06792 0.0598577 3.14156
527.656 -159.018 51.6825 3.06804 0.0602261 3.14125
527.9 -158.793 51.7062 3.0682 0.0608276 3.14078
528.057 -158.63 51.7285 3.06832 0.0612537 3.14044
528.204 -158.463 51.7498 3.06845 0.0616745 3.14008
528.365 -158.256 51.7738 3.06861 0.0621494 3.13964
528.537 -158.001 51.8032 3.06884 0.0625405 3.13919
528.632 -157.839 51.8148 3.06899 0.0627181 3.13893
528.78 -157.559 51.8255 3.06925 0.0629963 3.13848
528.932 -157.277 51.8419 3.06949 0.0633075 3.13801
529.068 -157.04 51.8537 3.06964 0.063572 3.13762
529.171 -156.866 51.8593 3.06973 0.0637851 3.13733
529.348 -156.582 51.8598 3.06991 0.0642019 3.13684
529.455 -156.416 51.8624 3.07003 0.0644183 3.13658
529.618 -156.148 51.8674 3.07023 0.0647022 3.13615
529.708 -155.973 51.8699 3.07039 0.0648303 3.13588
529.815 -155.717 51.8682 3.07064 0.0649635 3.1355
529.871 -155.541 51.8594 3.07082 0.0650182 3.13526
529.949 -155.257 51.8442 3.07113 0.0650873 3.13488
529.998 -155.078 51.8395 3.07134 0.0651256 3.13467
530.072 -154.809 51.8314 3.07164 0.065187 3.13432
530.149 -154.543 51.8325 3.07193 0.0652661 3.13395
530.19 -154.368 51.8258 3.07211 0.0652966 3.13372
530.245 -154.103 51.8094 3.07241 0.0653202 3.13337
530.276 -153.909 51.7926 3.07264 0.0653167 3.13313
530.316 -153.632 51.7666 3.07297 0.0652977 3.1328
530.354 -153.339 51.7362 3.07333 0.065265 3.13247
530.375 -153.135 51.7191 3.07357 0.0652399 3.13223
530.401 -152.885 51.7089 3.07388 0.0652234 3.13192
530.426 -152.547 51.7031 3.07429 0.065194 3.13151
530.425 -152.227 51.697 3.0747 0.0651227 3.13114
530.418 -151.994 51.6934 3.07502 0.0650597 3.13088
530.406 -151.697 51.686 3.07542 0.0649712 3.13057
530.391 -151.454 51.6803 3.07574 0.0648888 3.13031
530.378 -151.15 51.6679 3.07616 0.0647894 3.12999
530.376 -150.96 51.6608 3.07642 0.0647358 3.12979
530.358 -150.618 51.6502 3.0769 0.0646209 3.12944
530.317 -150.332 51.6357 3.07731 0.064477 3.12916
530.269 -150.114 51.6169 3.07764 0.0643344 3.12896
530.186 -149.788 51.5898 3.07813 0.0641035 3.12866
530.137 -149.597 51.5755 3.07842 0.0639677 3.12848
530.063 -149.275 51.5548 3.07891 0.0637564 3.12819
530.024 -149.064 51.5447 3.07924 0.0636333 3.12801
529.95 -148.789 51.5217 3.07967 0.0634199 3.12777
529.881 -148.601 51.5013 3.07996 0.0632347 3.12761
529.775 -148.32 51.4761 3.08038 0.0629423 3.12734
529.7 -148.131 51.4626 3.08066 0.0627014 3.12717
529.591 -147.858 51.449 3.08106 0.0623141 3.12693
529.513 -147.686 51.4371 3.08133 0.062013 3.12681
529.379 -147.41 51.4108 3.08178 0.0615378 3.12661
529.28 -147.226 51.3892 3.08208 0.0612539 3.12646
529.136 -146.965 51.3563 3.08253 0.0608808 3.12622
529.037 -146.799 51.3401 3.08282 0.0606332 3.12608
528.892 -146.577 51.3359 3.08326 0.0602721 3.12591
528.782 -146.43 51.3365 3.08357 0.0600084 3.12581
528.635 -146.274 51.3324 3.08393 0.0596526 3.12573
528.421 -146.086 51.3175 3.08441 0.0590589 3.12567
528.249 -145.957 51.3015 3.0847 0.0585615 3.12565
528.059 -145.835 51.2834 3.08498 0.0580301 3.12564
527.807 -145.664 51.2573 3.08535 0.0574104 3.12557
527.656 -145.557 51.2432 3.08557 0.0570634 3.1255
527.486 -145.44 51.2325 3.08583 0.0566822 3.12544
527.211 -145.271 51.2079 3.08625 0.0560726 3.12537
527.017 -145.149 51.1819 3.08654 0.0556251 3.12531
526.756 -144.969 51.1536 3.08692 0.0550942 3.12517
526.573 -144.839 51.1415 3.08719 0.0547515 3.12507
526.31 -144.647 51.1169 3.08758 0.0542421 3.12492
526.146 -144.52 51.1084 3.08783 0.0539307 3.12482
525.924 -144.36 51.1127 3.08817 0.0535372 3.12471
525.787 -144.267 51.1108 3.08836 0.0532892 3.12464
525.661 -144.183 51.1114 3.08854 0.0530537 3.12459
525.471 -144.084 51.1147 3.08878 0.0526624 3.12456
525.263 -144.003 51.1075 3.08899 0.0522662 3.12453
525.127 -143.957 51.1002 3.08911 0.0520105 3.1245
524.93 -143.919 51.0969 3.08927 0.0516038 3.12452
524.771 -143.915 51.0793 3.0894 0.0512112 3.12461
524.485 -143.908 51.0352 3.08964 0.050521 3.12475
524.329 -143.894 51.0205 3.08978 0.0502107 3.12479
524.124 -143.878 51.0108 3.08994 0.0498525 3.12482
523.986 -143.873 51.0056 3.09 0.0496177 3.12484
523.798 -143.853 50.9974 3.09007 0.0492963 3.12484
523.681 -143.839 50.9941 3.09012 0.0490983 3.12484
523.528 -143.826 50.9872 3.09018 0.0488365 3.12484
523.439 -143.818 50.9813 3.09022 0.048681 3.12485
523.305 -143.8 50.9703 3.09028 0.0484365 3.12486
523.212 -143.784 50.9586 3.09032 0.0482527 3.12486
523.082 -143.751 50.9467 3.0904 0.0479873 3.12486
522.979 -143.728 50.9426 3.09046 0.0477765 3.12488
522.81 -143.698 50.926 3.09056 0.0474277 3.12491
522.69 -143.682 50.9189 3.09063 0.0471553 3.12495
522.578 -143.669 50.9148 3.09068 0.0468854 3.12499
522.393 -143.671 50.9033 3.09073 0.0464209 3.12509
522.285 -143.677 50.8934 3.09075 0.0461706 3.12514
522.089 -143.67 50.8856 3.09082 0.04577 3.12519
521.938 -143.66 50.8788 3.09088 0.0454576 3.12521
521.716 -143.64 50.8662 3.09095 0.0449291 3.12525
521.581 -143.624 50.8632 3.09099 0.0446106 3.12527
521.351 -143.583 50.8559 3.09105 0.0441009 3.12524
521.221 -143.556 50.8526 3.09109 0.0438509 3.1252
521.078 -143.523 50.8524 3.09115 0.043597 3.12515
520.952 -143.497 50.8554 3.09121 0.043373 3.12512
520.767 -143.449 50.8552 3.09129 0.0430049 3.12507
520.644 -143.406 50.8527 3.09137 0.0427617 3.12503
520.517 -143.361 50.8453 3.09147 0.0424932 3.125
520.402 -143.323 50.8408 3.09156 0.0422445 3.125
520.285 -143.3 50.832 3.09164 0.0419682 3.12502
520.105 -143.285 50.8198 3.09175 0.0414415 3.12512
520.008 -143.288 50.8129 3.09179 0.0411763 3.12518
519.865 -143.315 50.8044 3.09184 0.0408612 3.12528
519.773 -143.338 50.8028 3.09189 0.0406888 3.12534
519.624 -143.387 50.8 3.09196 0.0403565 3.12548
519.498 -143.44 50.7899 3.09201 0.0400589 3.12562
519.322 -143.517 50.7727 3.09208 0.0396732 3.1258
519.165 -143.589 50.7538 3.09211 0.0393166 3.12597
519.034 -143.642 50.7394 3.09214 0.0390465 3.12608
518.808 -143.721 50.7229 3.09221 0.03857 3.12626
518.648 -143.761 50.7115 3.09226 0.0382212 3.12637
518.432 -143.809 50.7035 3.09233 0.0377604 3.12648
518.214 -143.859 50.7044 3.0924 0.0372832 3.12662
518.067 -143.893 50.7039 3.09245 0.0369504 3.12671
517.935 -143.922 50.7055 3.09249 0.0366694 3.12679
517.739 -143.959 50.7059 3.09254 0.0362639 3.1269
517.623 -143.981 50.7074 3.09256 0.0360461 3.12695
517.476 -144.023 50.7015 3.09257 0.0357576 3.12704
517.373 -144.054 50.6976 3.09259 0.0355471 3.12712
517.221 -144.094 50.6821 3.09264 0.0352316 3.12722
517.118 -144.127 50.6683 3.09268 0.0350166 3.1273
516.998 -144.167 50.6557 3.0927 0.034789 3.12739
516.852 -144.234 50.6531 3.09271 0.0345551 3.12751
516.734 -144.314 50.6629 3.09269 0.0343772 3.12764
516.652 -144.378 50.6654 3.09268 0.0342309 3.12776
516.526 -144.512 50.6571 3.09262 0.0339775 3.12801
516.448 -144.618 50.6479 3.09253 0.0338149 3.12819
516.355 -144.787 50.6493 3.09236 0.0336752 3.12842
516.296 -144.904 50.6524 3.09223 0.0335829 3.12858
516.233 -145.027 50.6565 3.09209 0.0334911 3.12873
516.126 -145.201 50.6511 3.0919 0.0333324 3.12892
516.037 -145.322 50.6405 3.09176 0.0331939 3.12905
515.895 -145.503 50.617 3.09157 0.0329615 3.12927
515.793 -145.625 50.6009 3.09147 0.0327912 3.12942
515.655 -145.784 50.5944 3.09135 0.032586 3.12962
515.554 -145.904 50.5954 3.09126 0.032444 3.12977
515.423 -146.068 50.6012 3.09115 0.0322637 3.12999
515.33 -146.172 50.6053 3.09107 0.032138 3.13011
515.199 -146.305 50.6058 3.09096 0.0319492 3.13027
515.113 -146.379 50.5979 3.0909 0.0318176 3.13034
515.028 -146.445 50.5932 3.09085 0.0316886 3.13041
514.879 -146.527 50.5778 3.09084 0.0314527 3.13048
514.787 -146.568 50.5644 3.09086 0.0313079 3.1305
514.636 -146.626 50.5498 3.09086 0.0310763 3.13054
514.553 -146.671 50.5511 3.09083 0.0309594 3.13058
514.436 -146.768 50.5588 3.09074 0.030806 3.13067
514.357 -146.85 50.5612 3.09067 0.0306975 3.13077
514.288 -146.935 50.5554 3.0906 0.0305964 3.13089
514.175 -147.096 50.5399 3.09047 0.0304256 3.13111
514.094 -147.213 50.5302 3.09039 0.0303013 3.13127
513.967 -147.379 50.5186 3.09029 0.0301109 3.13151
513.883 -147.503 50.522 3.09018 0.0300013 3.13167
513.806 -147.639 50.5361 3.09004 0.029918 3.13184
513.721 -147.856 50.5698 3.08979 0.0298609 3.13209
513.666 -148.079 50.6058 3.0895 0.0298566 3.13233
513.624 -148.261 50.6255 3.08926 0.0298462 3.13253
513.575 -148.437 50.6324 3.08904 0.0298054 3.13274
513.476 -148.709 50.6232 3.0887 0.0296913 3.13305
513.404 -148.889 50.6138 3.08847 0.0296034 3.13325
513.346 -149.057 50.6135 3.08825 0.0295486 3.13342
513.278 -149.315 50.6276 3.08789 0.0295164 3.13367
513.247 -149.437 50.6364 3.08772 0.0295067 3.13378
513.209 -149.593 50.6485 3.0875 0.0294991 3.13391
513.185 -149.685 50.6534 3.08737 0.0294932 3.13398
513.16 -149.764 50.6494 3.08724 0.0294742 3.13403
513.123 -149.865 50.6358 3.08708 0.0294359 3.13408
513.097 -149.934 50.6228 3.08698 0.0294006 3.13413
513.055 -150.032 50.6005 3.08685 0.0293351 3.13422
513.012 -150.132 50.5831 3.08674 0.0292729 3.1343
512.976 -150.211 50.5701 3.08673 0.029216 3.13437
512.925 -150.326 50.5546 3.08672 0.0291181 3.13449
512.88 -150.424 50.5525 3.08666 0.0289688 3.13463
512.808 -150.537 50.5588 3.08656 0.0285834 3.13489
512.669 -150.745 50.5826 3.08634 0.0277382 3.13543
512.571 -150.94 50.5992 3.0861 0.0272853 3.1358
512.506 -151.085 50.6035 3.08593 0.027035 3.13604
512.4 -151.347 50.6141 3.08561 0.0265704 3.13651
512.339 -151.53 50.6248 3.08537 0.0263185 3.1368
512.264 -151.753 50.6336 3.08509 0.0261189 3.1371
512.163 -152.034 50.638 3.08472 0.0258894 3.13746
512.111 -152.197 50.6376 3.08449 0.0258181 3.13763
512.033 -152.462 50.6396 3.08411 0.0257603 3.13787
511.996 -152.601 50.6431 3.0839 0.0257456 3.13798
511.956 -152.806 50.6524 3.08358 0.0257512 3.13813
511.943 -152.956 50.6668 3.08333 0.0257922 3.13824
511.938 -153.089 50.6807 3.08311 0.0258397 3.13832
511.937 -153.304 50.701 3.08276 0.0259263 3.13847
511.936 -153.47 50.7127 3.0825 0.0259857 3.13861
511.935 -153.64 50.7221 3.08224 0.0260406 3.13876
511.942 -153.945 50.7271 3.08175 0.0261301 3.13904
511.955 -154.12 50.7309 3.08142 0.0261981 3.1392
511.978 -154.318 50.7356 3.08096 0.0262925 3.13937
511.99 -154.395 50.7392 3.08078 0.0263368 3.13943
512.081 -154.713 50.7704 3.07997 0.0265988 3.13968
512.158 -154.889 50.7925 3.07955 0.0268174 3.13982
512.245 -155.082 50.8136 3.07906 0.0270755 3.13998
512.32 -155.228 50.8281 3.0787 0.0273238 3.14009
512.415 -155.412 50.8276 3.07825 0.0276878 3.14021
512.47 -155.515 50.8179 3.078 0.0278955 3.14026
512.536 -155.626 50.8129 3.07776 0.0281217 3.14031
512.632 -155.73 50.8037 3.07754 0.0284316 3.14033
512.685 -155.763 50.7836 3.07745 0.0285967 3.14029
512.711 -155.771 50.76 3.0774 0.0286678 3.14024
512.739 -155.774 50.7406 3.07735 0.0287147 3.1402
512.757 -155.777 50.7349 3.07733 0.0287408 3.14019
512.771 -155.785 50.7325 3.0773 0.0287597 3.14019
512.775 -155.795 50.735 3.07728 0.0287702 3.1402
512.783 -155.828 50.7422 3.07721 0.028801 3.14021
512.787 -155.85 50.7463 3.07717 0.028819 3.14022
512.795 -155.876 50.7541 3.07712 0.0288477 3.14023
512.798 -155.889 50.7582 3.0771 0.0288614 3.14024
512.795 -155.888 50.7591 3.0771 0.0288571 3.14023
512.794 -155.875 50.7605 3.07711 0.028854 3.14021
512.776 -155.802 50.7691 3.0772 0.0288242 3.1401
512.746 -155.712 50.7752 3.07732 0.0287723 3.13997
512.677 -155.526 50.7921 3.07757 0.0286572 3.13971
512.634 -155.393 50.812 3.07776 0.0285915 3.13953
512.599 -155.207 50.8488 3.07803 0.0285434 3.1393
512.589 -155.089 50.8769 3.07821 0.0285328 3.13918
512.604 -154.946 50.9176 3.07843 0.0285658 3.13903
512.63 -154.864 50.9409 3.07855 0.0286099 3.13896
512.675 -154.761 50.9721 3.07869 0.0286885 3.13885
512.709 -154.697 50.9949 3.07877 0.0287531 3.13878
512.747 -154.648 51.0206 3.07883 0.0288349 3.13871
512.808 -154.58 51.0662 3.0789 0.0290316 3.13858
512.851 -154.542 51.1016 3.07893 0.0292138 3.13848
512.895 -154.512 51.1529 3.07897 0.02937 3.13842
512.916 -154.508 51.1904 3.07899 0.0294382 3.13843
512.953 -154.513 51.2581 3.07901 0.0295588 3.13847
512.985 -154.517 51.3189 3.07903 0.0296653 3.13851
513.011 -154.517 51.3696 3.07905 0.0297524 3.13854
513.043 -154.495 51.4612 3.07912 0.0298811 3.13856
513.064 -154.466 51.5382 3.07919 0.0299808 3.13856
513.122 -154.444 51.6968 3.07929 0.0302147 3.13861
513.176 -154.456 51.8198 3.07933 0.0304132 3.1387
513.282 -154.516 52.0536 3.07936 0.030797 3.13893
513.344 -154.574 52.2011 3.07936 0.0310338 3.1391
513.42 -154.632 52.4178 3.07939 0.0313562 3.13931
513.484 -154.644 52.6194 3.07945 0.0316493 3.13943
513.567 -154.622 52.9062 3.07958 0.0320524 3.13954
513.644 -154.581 53.1349 3.07971 0.0324325 3.13956
513.718 -154.524 53.3615 3.07985 0.0327889 3.13957
513.806 -154.406 53.715 3.08009 0.0332259 3.13956
513.859 -154.326 53.9381 3.08023 0.0334894 3.13954
514.003 -154.184 54.3456 3.08038 0.0340874 3.13941
514.146 -154.113 54.6155 3.0804 0.034628 3.1393
514.403 -154.024 55.0584 3.08036 0.0355232 3.13915
514.578 -153.963 55.3539 3.08033 0.036092 3.13906
514.855 -153.865 55.8057 3.08031 0.0369894 3.1389
515.082 -153.796 56.1578 3.08034 0.0377494 3.13881
515.394 -153.718 56.6352 3.08044 0.0387966 3.13875
515.624 -153.65 56.9952 3.08059 0.0395516 3.13875
515.827 -153.583 57.3129 3.08074 0.0402041 3.13877
516.193 -153.454 57.8511 3.08102 0.0413281 3.13876
516.389 -153.382 58.1369 3.08116 0.041904 3.13876
516.794 -153.233 58.7248 3.08148 0.0430812 3.13877
517.033 -153.15 59.0685 3.08167 0.0437681 3.13881
517.431 -153.013 59.6355 3.08197 0.0449179 3.13883
517.675 -152.923 59.9777 3.08215 0.0456177 3.13882
517.948 -152.83 60.3677 3.08235 0.0464089 3.13884
518.237 -152.747 60.7864 3.08256 0.0472499 3.1389
518.7 -152.647 61.4498 3.08283 0.0485982 3.13901
519.004 -152.596 61.8811 3.083 0.0494778 3.13912
519.296 -152.56 62.3074 3.08316 0.0503222 3.13928
519.591 -152.54 62.7418 3.08332 0.0511713 3.13948
519.877 -152.528 63.1473 3.08345 0.0519975 3.13966
520.124 -152.524 63.5047 3.08355 0.0527208 3.13982
520.417 -152.532 63.9389 3.08368 0.053587 3.14006
520.815 -152.546 64.5023 3.08384 0.0547342 3.14038
521.061 -152.542 64.8676 3.08396 0.0554407 3.14059
521.382 -152.524 65.3749 3.08417 0.0563211 3.1409
523.879 -144.903 66.2862 3.09751 0.0573127 3.13765
