523.501 -147.05 64.4795 3.10756 0.0503763 -3.1328
523.491 -147.042 64.4556 3.10756 0.0503369 -3.13283
523.474 -147.03 64.4186 3.10756 0.0502755 -3.13287
523.462 -147.02 64.3894 3.10756 0.0502275 -3.1329
523.447 -147.008 64.3552 3.10756 0.0501707 -3.13294
523.437 -147.001 64.3323 3.10756 0.0501333 -3.13297
523.42 -146.988 64.296 3.10756 0.0500728 -3.13301
523.41 -146.981 64.2733 3.10756 0.0500351 -3.13304
523.397 -146.971 64.2435 3.10755 0.0499859 -3.13307
523.387 -146.963 64.2214 3.10755 0.0499496 -3.1331
523.374 -146.953 64.1916 3.10755 0.0498997 -3.13313
523.364 -146.946 64.1689 3.10755 0.0498622 -3.13316
523.352 -146.936 64.1422 3.10755 0.049817 -3.13319
523.344 -146.931 64.1253 3.10755 0.0497889 -3.13321
523.333 -146.922 64.0996 3.10756 0.0497461 -3.13324
523.325 -146.916 64.0814 3.10756 0.049715 -3.13326
523.314 -146.908 64.0583 3.10756 0.0496759 -3.13328
523.308 -146.903 64.0446 3.10756 0.0496527 -3.1333
523.298 -146.896 64.0239 3.10756 0.0496166 -3.13332
523.293 -146.892 64.0142 3.10756 0.0495999 -3.13333
523.286 -146.887 63.9986 3.10756 0.0495733 -3.13335
523.28 -146.882 63.9851 3.10756 0.0495503 -3.13337
523.276 -146.879 63.9767 3.10756 0.0495349 -3.13338
523.271 -146.875 63.9654 3.10756 0.0495152 -3.13339
523.267 -146.873 63.9577 3.10756 0.049502 -3.1334
523.262 -146.869 63.9484 3.10756 0.0494843 -3.13341
523.26 -146.867 63.9435 3.10756 0.0494756 -3.13341
523.256 -146.865 63.9356 3.10757 0.0494615 -3.13342
523.254 -146.863 63.9307 3.10757 0.0494532 -3.13343
523.251 -146.861 63.926 3.10757 0.049444 -3.13343
523.248 -146.858 63.9189 3.10757 0.0494311 -3.13344
523.245 -146.857 63.9131 3.10757 0.0494213 -3.13345
523.242 -146.854 63.9066 3.10757 0.0494096 -3.13346
523.24 -146.853 63.9015 3.10757 0.0494004 -3.13346
523.237 -146.85 63.8953 3.10757 0.0493893 -3.13347
523.234 -146.849 63.8904 3.10757 0.0493801 -3.13347
523.231 -146.847 63.8844 3.10757 0.0493692 -3.13348
523.229 -146.845 63.8803 3.10757 0.0493618 -3.13349
523.227 -146.843 63.8753 3.10757 0.0493527 -3.13349
523.224 -146.841 63.8695 3.10758 0.049342 -3.1335
523.222 -146.839 63.8648 3.10758 0.0493332 -3.1335
523.219 -146.838 63.8591 3.10758 0.0493226 -3.13351
523.217 -146.836 63.8555 3.10758 0.0493161 -3.13351
523.215 -146.835 63.851 3.10758 0.049308 -3.13352
523.213 -146.833 63.8479 3.10758 0.0493021 -3.13352
523.211 -146.832 63.8439 3.10758 0.0492948 -3.13353
523.21 -146.831 63.8409 3.10758 0.0492891 -3.13353
523.208 -146.83 63.8373 3.10758 0.0492823 -3.13353
523.207 -146.829 63.835 3.10758 0.049278 -3.13354
523.206 -146.828 63.8324 3.10758 0.0492731 -3.13354
523.203 -146.826 63.8272 3.10758 0.0492637 -3.13354
523.202 -146.825 63.8245 3.10758 0.0492585 -3.13355
523.2 -146.824 63.8215 3.10759 0.0492529 -3.13355
523.199 -146.823 63.8185 3.10759 0.0492478 -3.13355
523.198 -146.822 63.8158 3.10759 0.0492428 -3.13356
523.196 -146.821 63.8128 3.10759 0.0492367 -3.13356
523.195 -146.821 63.8111 3.10759 0.0492328 -3.13356
523.194 -146.82 63.809 3.10759 0.0492291 -3.13356
523.193 -146.819 63.8074 3.10759 0.0492257 -3.13357
523.192 -146.819 63.8065 3.10759 0.0492233 -3.13357
523.192 -146.819 63.8054 3.10759 0.0492212 -3.13357
523.191 -146.818 63.8039 3.10759 0.0492182 -3.13357
523.191 -146.818 63.8037 3.10759 0.0492172 -3.13357
523.19 -146.818 63.8032 3.10759 0.0492157 -3.13357
523.19 -146.817 63.8026 3.10759 0.0492141 -3.13357
523.19 -146.817 63.8021 3.10759 0.0492131 -3.13357
523.189 -146.817 63.8018 3.10759 0.0492118 -3.13357
523.189 -146.817 63.8016 3.1076 0.0492111 -3.13357
523.189 -146.817 63.8006 3.1076 0.0492086 -3.13357
523.188 -146.816 63.8004 3.1076 0.0492079 -3.13357
523.188 -146.816 63.8003 3.1076 0.0492068 -3.13357
523.188 -146.816 63.7998 3.1076 0.0492054 -3.13357
523.187 -146.816 63.799 3.1076 0.0492038 -3.13357
523.187 -146.816 63.7989 3.1076 0.0492028 -3.13357
523.187 -146.817 63.7991 3.1076 0.0492036 -3.13357
523.187 -146.818 63.799 3.1076 0.0492038 -3.13357
523.187 -146.82 63.7992 3.10759 0.0492047 -3.13357
523.188 -146.822 63.7999 3.10759 0.0492074 -3.13357
523.189 -146.829 63.8013 3.10758 0.0492131 -3.13357
523.191 -146.839 63.8035 3.10756 0.049222 -3.13357
523.205 -146.865 63.8118 3.10752 0.0492603 -3.13355
523.223 -146.891 63.8211 3.10748 0.0493042 -3.13353
523.267 -146.947 63.8434 3.10739 0.0494111 -3.13349
523.302 -146.99 63.8601 3.10732 0.0494931 -3.13345
523.36 -147.061 63.8885 3.1072 0.0496299 -3.1334
523.398 -147.113 63.9079 3.10711 0.0497227 -3.13336
523.44 -147.18 63.9294 3.107 0.0498298 -3.13331
523.487 -147.259 63.9536 3.10687 0.0499509 -3.13326
523.514 -147.321 63.9693 3.10676 0.050029 -3.13323
523.528 -147.382 63.9797 3.10665 0.0500771 -3.1332
523.501 -147.525 63.9884 3.10641 0.0500008 -3.13312
523.443 -147.654 63.9863 3.10619 0.0498343 -3.13305
523.406 -147.744 63.9856 3.10603 0.0497448 -3.13302
523.361 -147.845 63.9913 3.10586 0.0496685 -3.13299
523.35 -147.874 64.0234 3.10583 0.0496626 -3.13294
523.339 -147.864 64.1091 3.10592 0.0496884 -3.13285
523.339 -147.848 64.1859 3.10601 0.0497462 -3.13278
523.378 -147.817 64.3123 3.10616 0.0498995 -3.13265
523.455 -147.804 64.4297 3.10626 0.0501096 -3.13251
529.098 -155.742 74.1689 3.08288 0.0684456 -3.12137
528.859 -156.735 73.9706 3.0809 0.0676231 -3.11983
528.651 -157.395 73.7944 3.07962 0.0669397 -3.11875
528.289 -158.441 73.5143 3.07766 0.0657962 -3.11692
528.046 -159.134 73.3214 3.07645 0.0649673 -3.11565
527.75 -160.103 73.0429 3.07475 0.0639025 -3.11388
527.548 -160.787 72.8319 3.07358 0.0632797 -3.1127
527.244 -161.734 72.5288 3.07185 0.0624117 -3.11114
527.045 -162.353 72.3182 3.0706 0.0618228 -3.11014
526.809 -163.124 72.0396 3.06916 0.0610956 -3.10881
526.662 -163.535 71.8686 3.06856 0.0606349 -3.10802
526.411 -164.11 71.5989 3.06786 0.0598745 -3.10682
526.214 -164.478 71.4023 3.06742 0.059304 -3.10605
525.937 -164.899 71.1274 3.06693 0.0584909 -3.10511
525.74 -165.129 70.9281 3.06669 0.057865 -3.1045
525.439 -165.379 70.6278 3.06644 0.0568341 -3.10371
525.208 -165.504 70.4002 3.06631 0.0560773 -3.10327
524.959 -165.556 70.1341 3.06625 0.0552557 -3.10295
524.71 -165.537 69.8515 3.06621 0.0544417 -3.10278
524.362 -165.348 69.4578 3.06627 0.0532916 -3.10282
524.097 -165.128 69.1465 3.0664 0.0523931 -3.10298
523.87 -164.821 68.8455 3.06661 0.0515449 -3.10325
523.706 -164.476 68.5989 3.06686 0.0508574 -3.10359
523.553 -163.945 68.3313 3.06727 0.0500854 -3.10411
523.366 -163.225 67.992 3.06769 0.0491024 -3.10482
523.24 -162.717 67.7519 3.06783 0.048405 -3.10531
523.144 -162.271 67.5188 3.068 0.047775 -3.1057
523.064 -161.903 67.281 3.0682 0.0471923 -3.10592
522.976 -161.594 66.9873 3.06833 0.0465502 -3.10593
522.907 -161.47 66.7647 3.06827 0.0460929 -3.10578
522.789 -161.409 66.4359 3.0679 0.0454399 -3.10544
522.692 -161.41 66.2113 3.06773 0.0449932 -3.10522
522.561 -161.427 65.8632 3.06762 0.0444208 -3.10497
522.458 -161.427 65.594 3.06758 0.0440176 -3.10489
522.228 -161.371 65.1117 3.06769 0.0432065 -3.10487
522.085 -161.309 64.8023 3.06778 0.0427263 -3.10497
521.844 -161.151 64.2599 3.06789 0.0419612 -3.10534
521.681 -160.989 63.8988 3.06801 0.0414733 -3.10572
521.415 -160.655 63.3203 3.06829 0.0407794 -3.10651
521.212 -160.382 62.8988 3.06856 0.0402183 -3.10711
520.934 -159.985 62.3542 3.06908 0.0393527 -3.10786
520.735 -159.688 61.983 3.06947 0.0386914 -3.10838
520.515 -159.273 61.4988 3.06991 0.0379071 -3.1091
520.42 -159.017 61.2107 3.07016 0.0375535 -3.10958
520.309 -158.632 60.7827 3.07056 0.0371363 -3.11035
520.256 -158.433 60.5426 3.07073 0.0368853 -3.11076
520.188 -158.208 60.1883 3.07089 0.0366409 -3.11134
520.164 -158.113 59.9737 3.07094 0.0366929 -3.11172
520.147 -158.041 59.6944 3.07095 0.0367703 -3.11213
520.139 -158.03 59.5293 3.07092 0.0367527 -3.11231
520.134 -158.058 59.3271 3.07084 0.0366321 -3.11243
520.135 -158.117 59.1123 3.0707 0.0364837 -3.11251
520.126 -158.161 58.9372 3.07061 0.0363419 -3.11256
520.096 -158.191 58.7069 3.07057 0.0361211 -3.11263
520.06 -158.192 58.5356 3.07061 0.0359245 -3.1127
519.979 -158.183 58.254 3.07064 0.0355587 -3.11282
519.916 -158.169 58.0608 3.07064 0.0352898 -3.11292
519.808 -158.132 57.7511 3.07065 0.0348455 -3.1131
519.725 -158.09 57.5207 3.0707 0.0345119 -3.11327
519.621 -158.02 57.2075 3.07078 0.0340698 -3.11352
519.562 -157.965 56.9911 3.07086 0.0337854 -3.11369
519.497 -157.883 56.6875 3.07095 0.0334131 -3.11395
519.457 -157.846 56.4676 3.07097 0.0331617 -3.11412
519.431 -157.832 56.3009 3.071 0.0329853 -3.11424
519.399 -157.833 56.0724 3.07114 0.0327519 -3.11435
519.355 -157.837 55.9188 3.07132 0.0325597 -3.11441
519.236 -157.837 55.666 3.07182 0.0321777 -3.11449
519.146 -157.848 55.5062 3.07203 0.0319106 -3.11452
519.039 -157.879 55.349 3.07218 0.0316229 -3.1145
518.86 -157.971 55.1518 3.07221 0.031174 -3.1144
518.731 -158.051 55.0281 3.07219 0.0308845 -3.11432
518.492 -158.217 54.83 3.07217 0.0303899 -3.11414
518.345 -158.326 54.7163 3.07219 0.0300958 -3.11402
518.117 -158.505 54.5522 3.07222 0.0296502 -3.11378
517.981 -158.632 54.4533 3.07221 0.0293834 -3.11361
517.804 -158.828 54.3032 3.07217 0.0290094 -3.11333
517.695 -158.951 54.193 3.07218 0.0287588 -3.11315
517.588 -159.047 54.0573 3.07227 0.0284823 -3.11303
517.525 -159.08 53.9442 3.0723 0.0282869 -3.11301
517.452 -159.076 53.7884 3.0723 0.0280338 -3.11307
517.419 -159.046 53.6855 3.07231 0.0278852 -3.11315
517.402 -158.99 53.5199 3.07231 0.0277025 -3.11331
517.411 -158.966 53.4239 3.07229 0.0276284 -3.1134
517.444 -158.93 53.2709 3.07226 0.027542 -3.11353
517.457 -158.903 53.1373 3.07227 0.0274419 -3.11363
517.451 -158.888 53.0196 3.0723 0.0273347 -3.11371
517.426 -158.861 52.8636 3.07235 0.0271635 -3.11382
517.376 -158.815 52.6625 3.07241 0.0269156 -3.114
517.257 -158.719 52.3294 3.07256 0.0264435 -3.11431
517.159 -158.642 52.0922 3.07269 0.0260852 -3.11455
517.071 -158.555 51.8521 3.07284 0.0257461 -3.1148
517.015 -158.463 51.6604 3.07302 0.0255037 -3.11505
516.978 -158.373 51.4908 3.07323 0.025317 -3.1153
516.97 -158.294 51.3611 3.07341 0.0252183 -3.11553
517.02 -158.21 51.264 3.07353 0.0252655 -3.11583
517.092 -158.16 51.2421 3.07358 0.0254091 -3.11604
517.202 -158.122 51.2444 3.07361 0.0256532 -3.11625
517.266 -158.122 51.2531 3.07364 0.0258085 -3.11634
517.344 -158.163 51.2718 3.07371 0.0260287 -3.1164
517.381 -158.215 51.2772 3.07372 0.0261439 -3.1164
517.443 -158.328 51.2781 3.07363 0.0263207 -3.11636
517.49 -158.4 51.2777 3.07356 0.0264375 -3.11634
517.577 -158.508 51.2817 3.07347 0.0266417 -3.11631
517.661 -158.571 51.2903 3.07339 0.026823 -3.11631
517.797 -158.617 51.3143 3.07329 0.0271063 -3.11638
517.909 -158.618 51.3414 3.07325 0.027332 -3.11645
518.033 -158.597 51.3713 3.07325 0.0275744 -3.11656
518.249 -158.523 51.4167 3.07329 0.0279825 -3.11679
518.424 -158.451 51.4477 3.07333 0.0283044 -3.11699
518.595 -158.368 51.4666 3.07338 0.0286056 -3.11721
518.76 -158.264 51.4638 3.07344 0.0288794 -3.11747
518.924 -158.154 51.4218 3.07352 0.0291173 -3.11774
519.024 -158.094 51.3857 3.0736 0.0292562 -3.11789
519.125 -158.05 51.364 3.07364 0.0294118 -3.11802
519.302 -157.996 51.3426 3.07368 0.0297039 -3.1182
519.429 -157.966 51.3353 3.07371 0.0299257 -3.11833
519.557 -157.927 51.3476 3.07374 0.0301614 -3.11846
519.69 -157.886 51.3615 3.07375 0.0304078 -3.1186
519.924 -157.811 51.3902 3.07377 0.0308316 -3.11883
520.105 -157.753 51.4092 3.07378 0.0311437 -3.11897
520.292 -157.707 51.4192 3.07377 0.0314626 -3.11909
520.573 -157.628 51.4316 3.07374 0.0319304 -3.11931
520.771 -157.556 51.4452 3.07373 0.0322693 -3.1195
521.027 -157.444 51.4511 3.07374 0.0326896 -3.11978
521.358 -157.307 51.4269 3.07377 0.033212 -3.12015
521.561 -157.225 51.4044 3.07376 0.0335281 -3.12038
521.8 -157.143 51.4009 3.07374 0.0339115 -3.12059
522.177 -157.028 51.4028 3.07368 0.0345352 -3.12094
522.423 -156.948 51.419 3.07365 0.0349613 -3.12119
522.807 -156.835 51.4364 3.07356 0.0356248 -3.12157
523.056 -156.766 51.4536 3.07352 0.0360609 -3.1218
523.415 -156.616 51.4845 3.07355 0.0366776 -3.12221
523.625 -156.515 51.4891 3.07363 0.0370314 -3.12247
523.942 -156.318 51.482 3.07382 0.0375399 -3.12293
524.132 -156.194 51.4784 3.07388 0.037846 -3.12321
524.438 -156.018 51.4801 3.07391 0.038347 -3.12363
524.669 -155.89 51.4842 3.07393 0.0387284 -3.12395
524.964 -155.725 51.4996 3.07395 0.0392312 -3.12436
525.17 -155.636 51.5097 3.07394 0.0395815 -3.1246
525.412 -155.556 51.5296 3.0739 0.0400007 -3.12484
525.731 -155.439 51.5654 3.07387 0.0405641 -3.12518
525.925 -155.36 51.5808 3.07384 0.0409101 -3.12542
526.233 -155.249 51.5923 3.07378 0.0414392 -3.12578
526.418 -155.182 51.5987 3.07376 0.0417496 -3.12598
526.68 -155.08 51.6061 3.07378 0.0421931 -3.12626
526.844 -154.991 51.5923 3.07383 0.0424585 -3.1265
527.054 -154.87 51.5911 3.07392 0.0428075 -3.12679
527.217 -154.778 51.6001 3.07397 0.0430869 -3.12701
527.378 -154.693 51.6126 3.07402 0.0433608 -3.12721
527.661 -154.522 51.6392 3.07411 0.0438458 -3.1276
527.82 -154.405 51.6606 3.07417 0.044119 -3.12784
528.087 -154.213 51.6827 3.07425 0.0445757 -3.12828
528.243 -154.106 51.6905 3.07429 0.0448392 -3.12853
528.49 -153.951 51.7078 3.07433 0.045258 -3.12889
528.66 -153.845 51.7199 3.07435 0.045547 -3.12914
528.908 -153.702 51.7427 3.07437 0.0459743 -3.1295
529.091 -153.615 51.7701 3.07436 0.0463038 -3.12973
529.288 -153.534 51.8037 3.07434 0.0466616 -3.12996
529.588 -153.434 51.8528 3.07431 0.0471976 -3.13023
529.774 -153.386 51.8788 3.07427 0.0475277 -3.13038
530.093 -153.323 51.923 3.07417 0.0480971 -3.13061
530.311 -153.289 51.9591 3.07409 0.0484959 -3.13077
530.531 -153.253 52.0006 3.07401 0.0489068 -3.13095
530.9 -153.211 52.0626 3.07385 0.0495874 -3.1312
531.113 -153.191 52.098 3.07376 0.0499766 -3.13133
531.412 -153.163 52.1474 3.07365 0.0505272 -3.13152
531.58 -153.132 52.1581 3.0736 0.0508238 -3.13165
531.785 -153.067 52.1417 3.0736 0.0511596 -3.13188
531.882 -153.014 52.1184 3.07366 0.0513053 -3.13204
531.964 -152.934 52.0503 3.07377 0.0513937 -3.13228
531.977 -152.881 51.9859 3.07382 0.0513643 -3.13242
531.964 -152.832 51.9194 3.07387 0.0512888 -3.13255
531.91 -152.778 51.8018 3.07401 0.0511074 -3.13268
531.868 -152.771 51.7347 3.07416 0.0509917 -3.13271
531.79 -152.764 51.6578 3.07454 0.0508265 -3.13273
531.732 -152.761 51.6228 3.07476 0.0507258 -3.13272
531.633 -152.766 51.5816 3.075 0.0505706 -3.1327
531.548 -152.786 51.553 3.07515 0.0504496 -3.13267
531.428 -152.826 51.5159 3.07529 0.0502853 -3.13266
531.353 -152.849 51.4933 3.07533 0.0501799 -3.13267
531.26 -152.88 51.4642 3.07541 0.0500493 -3.13268
531.199 -152.903 51.4439 3.07546 0.0499605 -3.13268
531.14 -152.936 51.4265 3.07551 0.0498841 -3.13267
531.109 -152.962 51.4181 3.07555 0.0498499 -3.13266
531.074 -152.994 51.4084 3.07564 0.0498144 -3.13263
531.054 -153.015 51.4032 3.07568 0.0497966 -3.13261
531.031 -153.038 51.3991 3.07571 0.049778 -3.1326
531.019 -153.049 51.3973 3.07574 0.0497692 -3.1326
531.006 -153.054 51.394 3.07579 0.0497535 -3.1326
530.981 -153.055 51.3881 3.07591 0.0497187 -3.13261
530.964 -153.047 51.3848 3.07603 0.049693 -3.13262
530.936 -153.025 51.3783 3.07623 0.0496468 -3.13263
530.917 -153.01 51.376 3.07633 0.049617 -3.13265
530.901 -152.992 51.3794 3.07644 0.0495983 -3.13267
530.886 -152.96 51.3861 3.07657 0.0495823 -3.1327
530.876 -152.934 51.3884 3.07664 0.0495689 -3.13273
530.841 -152.884 51.3861 3.0768 0.0495106 -3.13277
530.808 -152.847 51.3848 3.07694 0.0494546 -3.1328
530.772 -152.811 51.3816 3.07709 0.0493886 -3.13283
530.686 -152.739 51.3693 3.07738 0.0492311 -3.13287
530.613 -152.688 51.355 3.0776 0.0490936 -3.13289
530.488 -152.612 51.3298 3.07801 0.0488608 -3.13292
530.241 -152.473 51.2745 3.07861 0.0484007 -3.13301
530.09 -152.392 51.2498 3.07892 0.0481296 -3.13305
529.823 -152.256 51.214 3.07949 0.047659 -3.13312
529.62 -152.159 51.1912 3.07991 0.0473076 -3.13316
529.328 -152.009 51.1605 3.08047 0.0467969 -3.13323
529.098 -151.879 51.1424 3.08085 0.0463933 -3.13331
528.772 -151.678 51.1181 3.08134 0.0458072 -3.13346
528.545 -151.528 51.0858 3.08171 0.045381 -3.13358
528.192 -151.292 51.0503 3.08234 0.0447298 -3.13375
527.956 -151.126 51.0294 3.08284 0.0442923 -3.13387
527.722 -150.965 51.012 3.08329 0.0438635 -3.13398
527.394 -150.747 51.0112 3.0838 0.0432829 -3.13413
527.172 -150.606 51.0142 3.0841 0.0428953 -3.13422
526.933 -150.468 51.0224 3.0844 0.0424895 -3.13432
526.632 -150.283 51.0222 3.08479 0.041964 -3.13446
526.392 -150.144 51.0226 3.08508 0.0415493 -3.13456
526.208 -150.042 51.0121 3.0853 0.041219 -3.13463
526.038 -149.948 50.9925 3.08549 0.0409066 -3.1347
525.857 -149.842 50.9782 3.08571 0.040579 -3.13479
525.686 -149.739 50.9693 3.08592 0.0402747 -3.13487
525.536 -149.644 50.9497 3.08611 0.0399921 -3.13494
525.393 -149.548 50.9344 3.0863 0.0397274 -3.13502
525.159 -149.389 50.9224 3.08663 0.0393035 -3.13514
525.023 -149.292 50.9096 3.08682 0.0390498 -3.13522
524.876 -149.183 50.8967 3.08705 0.0387749 -3.1353
524.664 -149.035 50.8757 3.08735 0.0383784 -3.13542
524.507 -148.932 50.8602 3.08757 0.0380878 -3.1355
524.331 -148.819 50.8317 3.0878 0.0377548 -3.13561
524.077 -148.66 50.8091 3.08816 0.0372903 -3.13574
523.896 -148.55 50.7967 3.0884 0.0369639 -3.13583
523.622 -148.398 50.7811 3.08874 0.0364774 -3.13597
523.452 -148.307 50.7688 3.08895 0.0361736 -3.13605
523.154 -148.172 50.7556 3.08927 0.0356574 -3.13618
522.97 -148.094 50.74 3.08947 0.0353364 -3.13626
522.668 -147.951 50.7201 3.08988 0.0348097 -3.13641
522.468 -147.852 50.7174 3.09015 0.0344698 -3.1365
522.181 -147.704 50.7116 3.09048 0.0339758 -3.13664
521.976 -147.582 50.7031 3.09075 0.0336118 -3.13674
521.676 -147.399 50.697 3.09115 0.0330843 -3.13689
521.493 -147.281 50.6874 3.09141 0.0327528 -3.13698
521.313 -147.161 50.6684 3.09165 0.0324155 -3.13708
521.04 -146.978 50.6608 3.09202 0.0319278 -3.13722
520.797 -146.81 50.6528 3.09236 0.0314864 -3.13735
520.652 -146.709 50.6436 3.09255 0.0312227 -3.13743
520.445 -146.568 50.6445 3.09284 0.0308598 -3.13754
520.262 -146.432 50.6383 3.0931 0.030529 -3.13766
520.128 -146.326 50.6293 3.0933 0.0302801 -3.13776
519.971 -146.194 50.6249 3.09356 0.0299975 -3.13789
519.75 -146.004 50.6125 3.09393 0.0295899 -3.13808
519.604 -145.877 50.5992 3.09419 0.0293132 -3.13822
519.358 -145.675 50.5877 3.09459 0.0288566 -3.13842
519.163 -145.521 50.5849 3.09488 0.0285048 -3.13857
518.93 -145.347 50.5729 3.0952 0.0280762 -3.13875
518.745 -145.225 50.5644 3.09544 0.0277323 -3.13885
518.576 -145.125 50.5698 3.09565 0.0274399 -3.13893
518.335 -145 50.5675 3.09591 0.0270138 -3.13903
518.16 -144.913 50.5582 3.09608 0.0266923 -3.13912
517.995 -144.832 50.5467 3.09624 0.0263903 -3.1392
517.757 -144.72 50.5254 3.09646 0.0259495 -3.13931
517.527 -144.622 50.4848 3.09665 0.0255073 -3.13943
517.381 -144.559 50.4752 3.09678 0.0252521 -3.13951
517.216 -144.487 50.4639 3.09692 0.0249678 -3.13959
516.992 -144.397 50.4572 3.09711 0.0245917 -3.1397
516.859 -144.339 50.4589 3.09725 0.0243698 -3.13975
516.615 -144.233 50.4577 3.0975 0.0239615 -3.13986
516.441 -144.16 50.4553 3.09766 0.023673 -3.13995
516.223 -144.066 50.4473 3.09786 0.0233046 -3.14005
516.071 -144 50.4525 3.09801 0.0230562 -3.14012
515.903 -143.927 50.4546 3.09817 0.0227798 -3.14019
515.617 -143.839 50.4512 3.09839 0.0219875 -3.14015
515.373 -143.788 50.4492 3.09855 0.0209165 -3.13991
515.013 -143.649 50.4634 3.09886 0.0194071 -3.13968
514.771 -143.532 50.4625 3.09908 0.0184486 -3.13961
514.503 -143.341 50.4555 3.09939 0.0175059 -3.1397
514.431 -143.245 50.4668 3.09951 0.0173244 -3.13983
514.446 -143.195 50.5198 3.09955 0.0174061 -3.13995
514.487 -143.2 50.5554 3.09952 0.0175185 -3.13998
514.536 -143.236 50.5772 3.09944 0.0176289 -3.13995
514.617 -143.333 50.604 3.09927 0.0178048 -3.13986
514.687 -143.454 50.6197 3.09905 0.0179721 -3.13979
514.748 -143.551 50.6133 3.09887 0.0181057 -3.13974
514.805 -143.631 50.5989 3.0987 0.0182292 -3.13972
514.9 -143.74 50.5704 3.09847 0.018429 -3.1397
514.966 -143.809 50.5346 3.09831 0.0185413 -3.1397
515.065 -143.906 50.4812 3.09807 0.0186898 -3.1397
515.123 -143.958 50.4598 3.09794 0.018787 -3.1397
515.183 -144.012 50.4446 3.09781 0.0188927 -3.1397
515.208 -144.027 50.4428 3.09777 0.0189374 -3.1397
515.223 -144.024 50.4473 3.09776 0.0189691 -3.13971
515.226 -144.019 50.4502 3.09777 0.0189786 -3.13973
515.228 -144.012 50.4501 3.09777 0.0189818 -3.13975
515.231 -143.991 50.4497 3.09779 0.0189881 -3.13979
515.235 -143.972 50.4484 3.09781 0.0189936 -3.13982
515.244 -143.942 50.4472 3.09783 0.019008 -3.13988
515.251 -143.92 50.4454 3.09785 0.0190175 -3.13993
515.261 -143.889 50.4451 3.09788 0.0190346 -3.13999
515.275 -143.872 50.4508 3.09789 0.0190629 -3.14003
515.308 -143.859 50.4629 3.09789 0.0191289 -3.14006
515.322 -143.857 50.4628 3.09788 0.0191528 -3.14008
515.326 -143.855 50.4585 3.09788 0.0191564 -3.14009
515.328 -143.858 50.4566 3.09787 0.0191609 -3.14009
515.335 -143.867 50.4594 3.09786 0.019177 -3.14008
515.346 -143.886 50.4648 3.09783 0.0192061 -3.14007
515.35 -143.898 50.4676 3.09781 0.0192198 -3.14007
515.351 -143.909 50.4706 3.0978 0.019229 -3.14006
515.351 -143.921 50.4789 3.09781 0.0192456 -3.14008
515.362 -143.93 50.5007 3.09783 0.0193009 -3.1401
515.417 -143.953 50.5774 3.0978 0.0195004 -3.14011
515.509 -144.011 50.6986 3.0977 0.0198044 -3.14008
515.701 -144.196 51.0278 3.09757 0.0205295 -3.13994
515.847 -144.372 51.327 3.09764 0.0212968 -3.13984
516.199 -144.742 51.9274 3.0974 0.0231491 -3.13975
516.664 -145.111 52.5645 3.09704 0.0254364 -3.13977
517.37 -145.662 53.4855 3.09668 0.0284756 -3.13961
518.005 -146.176 54.338 3.0965 0.0310791 -3.13931
518.766 -146.95 55.5792 3.09653 0.0340512 -3.13849
519.178 -147.491 56.434 3.09687 0.0357093 -3.13776
519.463 -147.949 57.1646 3.09723 0.0369951 -3.13708
519.699 -148.402 57.888 3.09756 0.0381821 -3.13634
519.977 -149.031 58.8593 3.09796 0.0397543 -3.13528
520.081 -149.386 59.3417 3.09796 0.0404411 -3.13464
520.18 -149.745 59.8233 3.09785 0.0410945 -3.13396
520.233 -150.033 60.1695 3.09766 0.0415387 -3.13349
520.26 -150.281 60.4683 3.09747 0.0418979 -3.13311
520.289 -150.602 60.8165 3.09716 0.0423325 -3.13268
520.322 -150.807 61.0138 3.0969 0.0426202 -3.13245
520.341 -150.969 61.1428 3.0967 0.0428053 -3.13227
520.335 -151.191 61.2667 3.09641 0.042949 -3.13203
520.311 -151.344 61.2976 3.09621 0.0429732 -3.13187
520.285 -151.447 61.2939 3.09606 0.0429506 -3.13177
520.24 -151.565 61.2691 3.09587 0.0428851 -3.13169
520.199 -151.636 61.2324 3.09575 0.0427973 -3.13164
520.114 -151.728 61.1165 3.09559 0.0425671 -3.13158
520.056 -151.777 61.033 3.09549 0.042407 -3.13157
519.956 -151.841 60.8809 3.09532 0.0421276 -3.13162
519.886 -151.879 60.7659 3.09521 0.0419241 -3.13166
519.744 -151.934 60.5286 3.09503 0.0414962 -3.13175
519.62 -151.99 60.3344 3.09489 0.041129 -3.13178
519.382 -152.125 59.9939 3.09462 0.0403724 -3.13175
519.169 -152.238 59.7556 3.09442 0.0395305 -3.13159
518.904 -152.375 59.4841 3.0942 0.0383836 -3.13134
518.566 -152.557 59.1052 3.09387 0.0370396 -3.1311
518.344 -152.655 58.817 3.09364 0.0363399 -3.13111
518.156 -152.712 58.5577 3.09347 0.0357846 -3.13119
517.905 -152.768 58.1754 3.09323 0.035058 -3.13139
517.787 -152.78 57.9637 3.09311 0.0346937 -3.13155
517.617 -152.772 57.6485 3.09294 0.0341553 -3.13181
517.522 -152.75 57.4633 3.09285 0.0338435 -3.13199
517.406 -152.711 57.2187 3.09272 0.0334566 -3.13226
517.346 -152.683 57.0897 3.09267 0.0332532 -3.13241
517.27 -152.639 56.931 3.09263 0.0329927 -3.1326
517.225 -152.621 56.8402 3.09259 0.0328476 -3.13271
517.188 -152.618 56.7544 3.0925 0.0327576 -3.13285
517.177 -152.623 56.7273 3.09247 0.0327508 -3.1329
517.157 -152.632 56.7001 3.09243 0.0327123 -3.13294
517.138 -152.659 56.6841 3.09237 0.0326825 -3.13296
517.116 -152.694 56.6688 3.09229 0.0326537 -3.13297
517.064 -152.751 56.6376 3.09216 0.0325763 -3.13302
517.019 -152.786 56.6106 3.09208 0.0325021 -3.13305
516.931 -152.862 56.5495 3.09189 0.0323539 -3.13313
516.862 -152.926 56.4976 3.09174 0.032236 -3.13319
516.798 -152.992 56.4448 3.09159 0.0321264 -3.13324
516.702 -153.1 56.3446 3.09133 0.0319497 -3.13333
516.643 -153.173 56.2722 3.09116 0.0318294 -3.13337
516.564 -153.278 56.1725 3.09092 0.0316675 -3.13343
516.522 -153.34 56.1127 3.09078 0.0315776 -3.13345
516.476 -153.437 56.0265 3.09055 0.0314733 -3.13348
516.458 -153.496 55.9814 3.0904 0.0314741 -3.13352
516.475 -153.579 55.9385 3.09018 0.0316664 -3.13363
516.508 -153.626 55.9181 3.09006 0.0318455 -3.1337
516.586 -153.7 55.9057 3.08988 0.0322285 -3.13381
516.644 -153.75 55.8859 3.08974 0.032466 -3.13388
516.683 -153.777 55.857 3.08966 0.0326119 -3.13395
516.723 -153.789 55.7942 3.08957 0.0327741 -3.13408
516.761 -153.786 55.7435 3.08952 0.032954 -3.1342
516.822 -153.756 55.6428 3.08946 0.0332314 -3.13446
516.85 -153.724 55.5749 3.08943 0.0333083 -3.13462
516.891 -153.672 55.4802 3.08937 0.0333598 -3.13484
516.923 -153.632 55.3979 3.08931 0.0333768 -3.13501
516.968 -153.572 55.2593 3.08922 0.0333613 -3.13528
516.982 -153.528 55.1491 3.08915 0.0333022 -3.13546
516.987 -153.468 54.964 3.08904 0.0331631 -3.13573
516.983 -153.442 54.8222 3.08891 0.03304 -3.13589
516.973 -153.424 54.5775 3.08868 0.0328202 -3.13613
516.965 -153.416 54.4117 3.08854 0.0326697 -3.13628
516.964 -153.413 54.1521 3.08828 0.0324561 -3.13651
516.977 -153.428 53.9733 3.08806 0.0323345 -3.13665
516.994 -153.466 53.6305 3.08763 0.0320876 -3.13689
517.004 -153.494 53.3866 3.08739 0.031912 -3.13705
517.003 -153.541 52.9954 3.08706 0.0316004 -3.13728
516.99 -153.583 52.6331 3.08676 0.0312829 -3.1375
516.938 -153.611 52.0954 3.0864 0.0307374 -3.13782
516.864 -153.601 51.7166 3.0862 0.0302876 -3.13808
516.803 -153.585 51.1626 3.08582 0.0297184 -3.13853
516.835 -153.588 50.8498 3.08549 0.0295156 -3.13882
516.938 -153.616 50.7033 3.08519 0.0295765 -3.13898
517.189 -153.664 50.6911 3.08491 0.0300098 -3.13911
517.401 -153.692 50.7841 3.08477 0.0304638 -3.13917
517.583 -153.709 50.875 3.08468 0.0308595 -3.13921
517.809 -153.726 50.9769 3.08456 0.0313414 -3.13928
517.873 -153.726 50.9682 3.08451 0.0314445 -3.13933
517.896 -153.708 50.8853 3.08448 0.0314071 -3.13941
517.892 -153.696 50.8184 3.08445 0.0313426 -3.13948
517.894 -153.683 50.7692 3.08443 0.0313038 -3.13954
517.916 -153.65 50.7337 3.08442 0.0313086 -3.13964
517.957 -153.609 50.7493 3.08445 0.0313876 -3.13972
518.039 -153.536 50.7925 3.08452 0.0315517 -3.13982
518.093 -153.476 50.8146 3.0846 0.0316453 -3.13989
518.154 -153.346 50.822 3.08478 0.0317144 -3.14
518.192 -153.252 50.8169 3.08491 0.0317446 -3.14008
518.24 -153.16 50.8084 3.08503 0.0317876 -3.14016
518.32 -153.036 50.7979 3.0852 0.0318673 -3.14026
518.364 -152.971 50.7927 3.08529 0.0319107 -3.1403
518.412 -152.922 50.7902 3.08535 0.0319687 -3.14033
518.455 -152.899 50.7922 3.08538 0.032029 -3.14034
518.488 -152.885 50.7917 3.08539 0.0320733 -3.14034
518.498 -152.881 50.784 3.0854 0.0320808 -3.14034
518.504 -152.882 50.7751 3.08538 0.0320826 -3.14035
518.521 -152.891 50.771 3.08536 0.0321093 -3.14035
518.525 -152.897 50.7613 3.08534 0.0321095 -3.14035
518.526 -152.905 50.752 3.08531 0.032106 -3.14036
518.532 -152.913 50.7481 3.08528 0.0321142 -3.14036
518.555 -152.922 50.7521 3.08524 0.0321585 -3.14036
518.589 -152.914 50.7636 3.08521 0.032226 -3.14038
518.635 -152.893 50.7792 3.08517 0.0323155 -3.14044
518.695 -152.86 50.7983 3.08511 0.0324294 -3.14051
518.79 -152.805 50.8244 3.08503 0.0326042 -3.14062
518.927 -152.723 50.8518 3.08497 0.0328429 -3.14076
519.049 -152.651 50.8677 3.08497 0.0330412 -3.14087
519.191 -152.576 50.8822 3.08498 0.0332687 -3.14097
519.432 -152.483 50.9006 3.085 0.0336467 -3.14108
519.596 -152.429 50.9093 3.08502 0.0339106 -3.14114
519.83 -152.326 50.9177 3.08508 0.0342627 -3.14125
520.051 -152.234 50.9281 3.08513 0.0345989 -3.14134
520.345 -152.121 50.9377 3.08519 0.0350505 -3.14146
520.568 -152.009 50.9482 3.08527 0.0353904 3.14159
520.88 -151.824 50.9552 3.08538 0.0358716 3.1413
521.102 -151.683 50.9557 3.08545 0.0362062 3.14108
521.35 -151.523 50.9555 3.08554 0.0365785 3.14083
521.681 -151.322 50.9624 3.08562 0.0370903 3.1405
521.895 -151.203 50.9716 3.08564 0.0374216 3.14032
522.275 -151.016 51.0037 3.08563 0.0380351 3.14003
522.504 -150.91 51.0297 3.0856 0.0384407 3.13985
522.876 -150.727 51.0527 3.08561 0.0391541 3.13949
523.131 -150.596 51.0571 3.08566 0.039684 3.13923
523.396 -150.447 51.0633 3.08573 0.040246 3.13894
523.752 -150.255 51.0706 3.08579 0.0409966 3.13854
524.098 -150.081 51.0818 3.0858 0.0418461 3.13809
524.394 -149.919 51.0974 3.08583 0.0425978 3.13768
524.78 -149.675 51.1228 3.08592 0.0434129 3.13719
525.058 -149.483 51.1259 3.08602 0.0439376 3.13683
525.402 -149.218 51.1223 3.08618 0.0445074 3.13639
525.667 -149.001 51.1383 3.0863 0.045046 3.13598
525.912 -148.822 51.1516 3.08634 0.045492 3.13565
526.282 -148.593 51.1705 3.08639 0.0462496 3.13519
526.528 -148.428 51.1892 3.08648 0.0468035 3.13487
526.838 -148.224 51.2189 3.08656 0.0474008 3.13449
527.081 -148.079 51.2224 3.08659 0.0479248 3.13416
527.281 -147.966 51.2229 3.08659 0.0482935 3.13393
527.548 -147.842 51.2287 3.08655 0.0487207 3.13369
527.714 -147.787 51.237 3.08648 0.0490129 3.13357
528.039 -147.679 51.2535 3.08639 0.0497202 3.13329
528.218 -147.631 51.2672 3.08634 0.0500538 3.13317
528.436 -147.567 51.277 3.0863 0.0504124 3.13304
528.564 -147.516 51.2821 3.08631 0.0506151 3.13295
528.783 -147.406 51.2964 3.08636 0.0510915 3.13273
528.952 -147.324 51.3135 3.08638 0.0514763 3.13255
529.139 -147.247 51.3316 3.08639 0.0518895 3.13237
529.403 -147.12 51.3514 3.08641 0.0524529 3.13212
529.599 -147.005 51.3653 3.08645 0.0529943 3.13185
529.872 -146.827 51.3689 3.08653 0.0537832 3.13142
530.045 -146.705 51.3736 3.08659 0.0541265 3.13119
530.234 -146.581 51.3963 3.08665 0.0545392 3.13096
530.587 -146.336 51.4416 3.08676 0.0553805 3.13049
530.836 -146.186 51.4767 3.08676 0.0560187 3.13015
531.183 -145.954 51.5 3.08687 0.0568753 3.12971
531.43 -145.797 51.5102 3.08698 0.0575242 3.1294
531.657 -145.665 51.5151 3.08705 0.0581186 3.12912
531.978 -145.473 51.5194 3.08715 0.0588402 3.12874
532.147 -145.344 51.502 3.08724 0.0591064 3.12855
532.336 -145.218 51.454 3.0873 0.0593313 3.12837
532.374 -145.182 51.4033 3.08732 0.0593182 3.12833
532.339 -145.146 51.3112 3.08734 0.0591451 3.12827
532.302 -145.138 51.2542 3.08733 0.0590315 3.12822
532.224 -145.16 51.2117 3.08729 0.0588106 3.12823
532.145 -145.204 51.1905 3.08725 0.058542 3.12831
532.03 -145.261 51.1695 3.08718 0.0581508 3.12841
531.954 -145.29 51.1598 3.08715 0.0578995 3.12847
531.823 -145.337 51.1703 3.08712 0.0574454 3.1286
531.745 -145.371 51.1844 3.0871 0.0572155 3.12868
531.656 -145.401 51.2033 3.08709 0.0570232 3.12875
531.602 -145.416 51.2088 3.0871 0.0569351 3.12878
531.512 -145.464 51.1985 3.08709 0.0567791 3.12887
531.461 -145.499 51.1805 3.08707 0.0566772 3.12894
531.402 -145.55 51.1537 3.08705 0.0565503 3.12905
531.371 -145.582 51.1417 3.08703 0.0564877 3.12911
531.349 -145.605 51.1371 3.08702 0.0564454 3.12916
531.328 -145.617 51.1471 3.08703 0.0564037 3.12921
531.321 -145.613 51.1555 3.08705 0.0563918 3.12922
531.311 -145.605 51.1653 3.08708 0.0563655 3.12924
531.296 -145.596 51.1651 3.08712 0.0563216 3.12924
531.276 -145.584 51.161 3.08716 0.0562677 3.12924
531.234 -145.562 51.147 3.08723 0.0561489 3.12924
531.176 -145.527 51.1312 3.08735 0.0560145 3.12922
531.105 -145.484 51.1187 3.08755 0.0558478 3.1292
531.012 -145.433 51.1024 3.0878 0.0556029 3.1292
530.825 -145.335 51.0784 3.0882 0.0551111 3.12919
530.682 -145.262 51.0641 3.08845 0.054732 3.1292
530.436 -145.141 51.0485 3.08876 0.0541017 3.1292
530.286 -145.063 51.0476 3.08895 0.0537527 3.1292
530.114 -144.983 51.046 3.08916 0.0533776 3.12919
529.824 -144.873 51.0292 3.08946 0.0526841 3.12922
529.62 -144.813 51.0113 3.08966 0.0521041 3.1293
529.406 -144.746 50.9893 3.08986 0.0515356 3.12935
529.077 -144.631 50.956 3.09021 0.0508158 3.12933
528.891 -144.564 50.9314 3.0904 0.0504233 3.1293
528.661 -144.485 50.9194 3.09064 0.0499578 3.12928
528.453 -144.426 50.9168 3.09082 0.049555 3.12926
528.256 -144.369 50.9149 3.09098 0.0491965 3.12923
528.069 -144.307 50.9133 3.09114 0.0488562 3.1292
527.851 -144.224 50.9206 3.09136 0.048449 3.12916
527.547 -144.095 50.9072 3.09168 0.0478974 3.12906
527.367 -143.994 50.89 3.09193 0.0475343 3.12899
527.02 -143.774 50.8678 3.09244 0.0468302 3.12885
526.785 -143.623 50.8558 3.09278 0.0463296 3.12877
526.38 -143.39 50.8211 3.09337 0.0453369 3.12871
526.051 -143.212 50.7942 3.0939 0.0444687 3.12871
525.613 -142.959 50.7719 3.09458 0.043363 3.12867
525.295 -142.762 50.7604 3.09505 0.0426789 3.12858
524.996 -142.561 50.7609 3.0955 0.0420962 3.12846
524.592 -142.29 50.7805 3.0961 0.041343 3.1283
524.339 -142.125 50.7898 3.09646 0.0408733 3.12821
524.067 -141.956 50.7876 3.09683 0.040366 3.1281
523.823 -141.797 50.7776 3.09716 0.0399098 3.12799
523.535 -141.627 50.7746 3.09753 0.0393778 3.12788
523.347 -141.53 50.7666 3.09774 0.0389912 3.12783
523.133 -141.431 50.7644 3.09797 0.0385381 3.12778
522.969 -141.356 50.7644 3.09814 0.0382117 3.12774
522.801 -141.278 50.7572 3.09832 0.0378655 3.12769
522.591 -141.174 50.7415 3.09855 0.0374161 3.12764
522.376 -141.065 50.7358 3.09879 0.0369472 3.12759
522.191 -140.968 50.723 3.09899 0.0365459 3.12753
522.048 -140.88 50.7096 3.09916 0.0362548 3.12747
521.784 -140.717 50.6905 3.0995 0.0356806 3.12738
521.621 -140.62 50.6778 3.09971 0.0353137 3.12733
521.339 -140.464 50.6539 3.10004 0.0346337 3.12728
521.168 -140.379 50.6414 3.10024 0.034173 3.12728
520.893 -140.241 50.6426 3.10056 0.0335755 3.12724
520.73 -140.156 50.643 3.10074 0.0332603 3.12718
520.579 -140.066 50.6408 3.10094 0.0329686 3.12712
520.339 -139.914 50.645 3.10126 0.0325059 3.12704
520.19 -139.813 50.6478 3.10148 0.03224 3.12697
519.979 -139.654 50.6448 3.1018 0.0318611 3.12685
519.825 -139.538 50.6452 3.10203 0.0315882 3.12676
519.61 -139.385 50.6472 3.10235 0.0312115 3.12665
519.468 -139.286 50.6437 3.10255 0.0309593 3.12656
519.258 -139.138 50.6283 3.10285 0.0305618 3.12645
519.111 -139.044 50.6239 3.10304 0.0302195 3.1264
518.973 -138.967 50.6123 3.10321 0.0298512 3.12639
518.744 -138.833 50.6014 3.10349 0.0292327 3.12636
518.558 -138.721 50.6036 3.10374 0.0286391 3.12639
518.428 -138.637 50.6079 3.10391 0.0282488 3.12638
518.304 -138.54 50.6083 3.1041 0.0279642 3.12632
518.209 -138.468 50.6049 3.10423 0.0277666 3.12626
518.042 -138.367 50.5976 3.10445 0.027351 3.12623
517.949 -138.319 50.5922 3.10456 0.0271019 3.12623
517.817 -138.247 50.5914 3.10473 0.0267867 3.12622
517.731 -138.2 50.5895 3.10483 0.0265841 3.12621
517.624 -138.143 50.585 3.10496 0.0263288 3.12619
517.54 -138.098 50.578 3.10506 0.0261359 3.12617
517.461 -138.058 50.5711 3.10514 0.025944 3.12616
517.317 -137.984 50.551 3.1053 0.0255493 3.12615
517.23 -137.933 50.5411 3.10541 0.025321 3.12613
517.098 -137.853 50.5339 3.10559 0.0249612 3.12613
517.019 -137.813 50.5357 3.10569 0.0246933 3.12616
516.949 -137.774 50.5538 3.10579 0.0244371 3.12621
516.911 -137.742 50.5716 3.10586 0.0243315 3.12621
516.838 -137.685 50.5766 3.10597 0.0241586 3.12619
516.772 -137.639 50.5647 3.10606 0.0240046 3.12616
516.692 -137.581 50.5444 3.10617 0.023837 3.1261
516.561 -137.468 50.5218 3.10636 0.0235843 3.12597
516.491 -137.394 50.5224 3.10648 0.0234467 3.12589
516.391 -137.275 50.541 3.10668 0.0232397 3.12577
516.317 -137.217 50.5479 3.10679 0.02301 3.12575
516.227 -137.155 50.5451 3.10692 0.0227506 3.12574
516.184 -137.136 50.5449 3.10697 0.0226346 3.12575
516.168 -137.147 50.5476 3.10697 0.0226005 3.12578
516.19 -137.183 50.5775 3.10692 0.02267 3.12583
516.226 -137.227 50.6129 3.10687 0.0227722 3.12589
516.273 -137.303 50.6516 3.10678 0.0228952 3.12601
516.294 -137.368 50.6581 3.1067 0.0229477 3.12611
516.31 -137.464 50.6488 3.10658 0.0229754 3.12625
516.304 -137.527 50.6376 3.1065 0.0229632 3.12634
516.297 -137.624 50.6269 3.10637 0.0229567 3.12645
516.303 -137.686 50.626 3.10628 0.0229777 3.12652
516.332 -137.785 50.6388 3.10612 0.0230965 3.12658
516.351 -137.829 50.6469 3.10604 0.0232123 3.12658
516.371 -137.863 50.6537 3.10596 0.0233642 3.12654
516.399 -137.896 50.663 3.10589 0.0236076 3.12647
516.416 -137.906 50.6673 3.10586 0.0237741 3.12641
516.448 -137.912 50.6717 3.10582 0.0240689 3.12629
516.472 -137.914 50.6799 3.10581 0.0242771 3.12622
516.491 -137.924 50.7001 3.10579 0.0244165 3.1262
516.516 -137.952 50.7465 3.10577 0.0245511 3.12623
516.532 -137.972 50.7775 3.10575 0.0246312 3.12625
516.55 -138.01 50.8285 3.10572 0.0247352 3.12631
516.56 -138.053 50.8624 3.10567 0.0248024 3.12637
516.571 -138.12 50.9019 3.1056 0.0249116 3.12644
516.597 -138.232 50.9653 3.10547 0.025137 3.12656
516.626 -138.309 51.0146 3.10537 0.0253312 3.12663
516.673 -138.409 51.0865 3.10525 0.0256014 3.12672
516.762 -138.541 51.1886 3.10507 0.0260659 3.1268
516.838 -138.639 51.272 3.10493 0.0264501 3.12686
516.909 -138.742 51.3618 3.10479 0.0267856 3.12694
516.96 -138.825 51.4376 3.10469 0.0270468 3.12701
517.002 -138.892 51.5091 3.10461 0.0273065 3.12705
517.041 -138.987 51.6046 3.10451 0.0275675 3.12715
517.057 -139.053 51.6642 3.10444 0.0276771 3.12724
517.072 -139.123 51.726 3.10435 0.0277758 3.12733
517.095 -139.207 51.809 3.10426 0.0279107 3.12743
517.135 -139.322 51.9343 3.10413 0.0281219 3.12758
517.165 -139.402 52.0242 3.10404 0.0282799 3.12768
517.248 -139.543 52.2143 3.1039 0.0286762 3.12788
517.354 -139.663 52.4081 3.10379 0.0291473 3.12805
517.463 -139.771 52.5954 3.1037 0.0295771 3.12822
517.572 -139.872 52.777 3.10361 0.0300049 3.12839
517.773 -140.043 53.0916 3.10347 0.0307378 3.1287
517.98 -140.216 53.4074 3.10331 0.03143 3.12901
518.125 -140.349 53.6327 3.10319 0.0319092 3.12924
518.259 -140.482 53.8639 3.10308 0.0323666 3.1295
518.421 -140.661 54.1842 3.10294 0.0329595 3.12984
518.508 -140.756 54.3792 3.10287 0.0333001 3.13002
518.649 -140.897 54.706 3.10277 0.0338629 3.13029
518.747 -140.984 54.9291 3.10272 0.0342475 3.13047
518.837 -141.064 55.1312 3.10267 0.0345966 3.13063
518.975 -141.173 55.4357 3.1026 0.0351314 3.13085
519.063 -141.232 55.6263 3.10256 0.0354694 3.13097
519.222 -141.322 55.9603 3.10251 0.0360663 3.13114
519.321 -141.374 56.1673 3.10248 0.0364386 3.13125
519.473 -141.431 56.4725 3.10246 0.0369943 3.13138
519.586 -141.468 56.6972 3.10245 0.0374024 3.13147
519.682 -141.499 56.889 3.10245 0.0377482 3.13155
519.835 -141.563 57.2005 3.10245 0.0383013 3.13174
519.951 -141.622 57.4422 3.10245 0.038725 3.13193
520.057 -141.677 57.6536 3.10245 0.0391009 3.1321
520.225 -141.758 57.9837 3.10246 0.0396899 3.13236
520.34 -141.817 58.2186 3.10246 0.0401013 3.13254
520.502 -141.927 58.5665 3.10244 0.0406992 3.13285
520.617 -142.028 58.8235 3.1024 0.0411357 3.13311
520.798 -142.21 59.24 3.10231 0.0418424 3.13352
520.916 -142.353 59.5257 3.10222 0.042323 3.13382
521.078 -142.582 59.9339 3.10206 0.0430006 3.13428
521.21 -142.766 60.2475 3.10192 0.0435336 3.13464
521.409 -143.039 60.7112 3.10169 0.0443313 3.13516
521.54 -143.234 61.0319 3.10153 0.0448752 3.13552
521.733 -143.543 61.5117 3.10127 0.0456879 3.13608
521.845 -143.742 61.819 3.1011 0.0461908 3.13643
521.986 -144.04 62.2398 3.10081 0.0468715 3.13691
522.08 -144.26 62.5285 3.10059 0.0473408 3.13725
522.173 -144.5 62.8256 3.10032 0.0478228 3.13759
522.296 -144.849 63.2329 3.09991 0.0484839 3.13804
522.384 -145.094 63.516 3.0996 0.0489462 3.13835
522.494 -145.46 63.9253 3.09907 0.0495838 3.13876
522.556 -145.675 64.1683 3.09871 0.0499485 3.13897
522.617 -145.949 64.4427 3.09819 0.0503519 3.13918
522.694 -146.288 64.7971 3.09747 0.0508541 3.1394
522.747 -146.531 65.0489 3.09695 0.0512081 3.13955
522.822 -146.917 65.43 3.09616 0.0517487 3.1398
522.861 -147.125 65.6275 3.09574 0.0520342 3.13994
522.922 -147.458 65.946 3.09504 0.0524925 3.14013
522.961 -147.673 66.1577 3.09455 0.0527871 3.14023
522.993 -147.902 66.3627 3.09403 0.0530694 3.14033
523.025 -148.199 66.6205 3.09335 0.0534136 3.14044
523.042 -148.366 66.7843 3.09297 0.0536324 3.14049
523.071 -148.556 67.0158 3.09251 0.0539536 3.14051
523.083 -148.673 67.1693 3.0922 0.0541563 3.14048
523.098 -148.838 67.4363 3.09175 0.0544838 3.14045
523.104 -148.92 67.5818 3.09156 0.054653 3.14046
523.109 -149.036 67.8147 3.09137 0.054932 3.14053
523.118 -149.092 67.977 3.09132 0.0551348 3.14058
523.133 -149.144 68.1249 3.09129 0.0553235 3.14066
523.19 -149.249 68.3989 3.09124 0.0557091 3.14087
523.231 -149.313 68.56 3.09122 0.0559448 3.14101
523.336 -149.383 68.8447 3.09123 0.0564014 3.14122
523.429 -149.43 69.0533 3.09125 0.0567535 3.14139
523.542 -149.466 69.2946 3.0913 0.0571642 3.14157
523.788 -149.342 69.692 3.09157 0.057918 3.14159
523.884 -149.253 69.8307 3.09171 0.0581922 3.14152
524.003 -149.147 70.0055 3.09187 0.058537 3.14145
524.212 -148.997 70.3363 3.09214 0.0591683 3.14139
524.348 -148.904 70.5643 3.09233 0.0595877 3.14137
524.514 -148.789 70.895 3.0926 0.0601437 3.14142
524.621 -148.728 71.1541 3.09281 0.0605388 3.14154
525.581 -150.089 74.5241 3.09292 0.0653752 -3.13747
525.598 -150.086 74.6593 3.09305 0.065522 -3.13732
525.574 -150.019 74.7718 3.09329 0.0655677 -3.13722
525.542 -149.927 74.8266 3.09352 0.0655411 -3.1372
525.51 -149.793 74.8832 3.09381 0.0655015 -3.1372
525.461 -149.574 74.9411 3.09426 0.0654078 -3.13724
525.43 -149.458 74.9708 3.09451 0.0653444 -3.13724
525.422 -149.394 74.9962 3.09465 0.0653292 -3.13722
525.441 -149.367 75.0263 3.09472 0.0653727 -3.13719
525.473 -149.362 75.0794 3.09478 0.065464 -3.13713
525.535 -149.371 75.1933 3.09482 0.0656674 -3.13703
525.582 -149.38 75.2744 3.09484 0.0658173 -3.13697
525.62 -149.39 75.3394 3.09485 0.0659398 -3.13691
525.657 -149.416 75.4076 3.09484 0.0660649 -3.13684
525.671 -149.444 75.4359 3.09481 0.0661204 -3.1368
525.69 -149.494 75.4572 3.09475 0.0661774 -3.13672
525.695 -149.531 75.4637 3.09469 0.0662006 -3.13669
525.69 -149.595 75.4658 3.0946 0.0662117 -3.13663
525.677 -149.649 75.4584 3.09455 0.0661979 -3.13656
525.651 -149.754 75.437 3.09451 0.066159 -3.13638
525.63 -149.859 75.413 3.09446 0.0661259 -3.13619
525.605 -150.024 75.3741 3.09435 0.0660766 -3.1359
525.582 -150.125 75.3449 3.0943 0.0660236 -3.13571
525.511 -150.269 75.2777 3.09427 0.0658639 -3.1354
525.456 -150.352 75.2265 3.09428 0.0657382 -3.13521
525.377 -150.479 75.1378 3.09428 0.0655504 -3.13493
525.329 -150.542 75.0786 3.0943 0.0654306 -3.13479
525.254 -150.61 74.9932 3.09435 0.0652478 -3.13462
525.192 -150.656 74.9177 3.09438 0.0650901 -3.13452
525.119 -150.639 74.8339 3.09447 0.0649009 -3.13452
525.016 -150.502 74.6914 3.09483 0.0645849 -3.13468
524.943 -150.291 74.5362 3.09544 0.064271 -3.13492
524.307 -145.574 71.9746 3.10137 0.0600499 3.14141
524.391 -145.219 71.9316 3.10185 0.0600752 3.14104
524.458 -144.996 71.9142 3.10216 0.0601191 3.14082
524.548 -144.642 71.8863 3.10265 0.0601602 3.14048
524.601 -144.407 71.863 3.10296 0.0601752 3.14023
524.673 -144.072 71.8214 3.1034 0.060186 3.13985
524.714 -143.88 71.7925 3.10364 0.0601866 3.13964
524.77 -143.666 71.7465 3.1039 0.0601885 3.13939
524.819 -143.589 71.7233 3.104 0.0602204 3.13932
524.882 -143.564 71.7167 3.10403 0.0602994 3.13933
524.958 -143.579 71.719 3.104 0.0604179 3.13936
525.005 -143.6 71.7263 3.10396 0.0605004 3.13938
525.059 -143.634 71.7448 3.10391 0.0606093 3.13943
525.17 -143.719 71.7927 3.10379 0.0608469 3.13954
525.272 -143.797 71.8367 3.10368 0.061068 3.13964
525.369 -143.868 71.8775 3.10357 0.0612735 3.13972
525.469 -143.94 71.9183 3.10346 0.0614829 3.13981
525.503 -143.972 71.9272 3.10341 0.0615488 3.13985
525.517 -143.994 71.9192 3.10338 0.0615676 3.13987
525.511 -143.992 71.8995 3.10339 0.0615432 3.13986
525.499 -143.984 71.8692 3.10341 0.0615006 3.13984
525.491 -143.985 71.8228 3.10341 0.0614496 3.13982
525.497 -144.017 71.77 3.10337 0.0614186 3.13984
525.498 -144.047 71.7283 3.10333 0.0613871 3.13986
525.482 -144.085 71.6544 3.10325 0.0612946 3.13988
525.471 -144.095 71.6267 3.10323 0.0612525 3.13988
525.42 -144.118 71.5198 3.10317 0.0610716 3.13985
525.355 -144.113 71.392 3.10314 0.0608499 3.13978
525.326 -144.105 71.3264 3.10315 0.0607453 3.13974
525.299 -144.105 71.2356 3.10316 0.06063 3.13971
525.304 -144.116 71.1837 3.1032 0.06061 3.13973
525.362 -144.159 71.162 3.10331 0.060728 3.13985
525.419 -144.193 71.1601 3.10337 0.0608471 3.13995
525.479 -144.228 71.1586 3.1034 0.0609639 3.14003
525.561 -144.27 71.1448 3.10343 0.061112 3.14012
525.607 -144.29 71.1411 3.10348 0.0611971 3.14018
525.699 -144.311 71.1545 3.10359 0.0613761 3.14032
525.741 -144.303 71.1634 3.10365 0.0614519 3.14036
525.784 -144.274 71.1744 3.10372 0.061521 3.14037
525.799 -144.251 71.1717 3.10374 0.0615368 3.14034
525.799 -144.204 71.137 3.10379 0.061496 3.14027
525.788 -144.163 71.096 3.10381 0.0614367 3.14018
525.77 -144.121 71.0353 3.10382 0.0613475 3.14007
525.739 -144.064 70.9421 3.10383 0.0612102 3.1399
525.711 -144.022 70.8652 3.10384 0.0610941 3.13978
525.673 -143.963 70.7552 3.10385 0.0609304 3.13961
525.643 -143.926 70.673 3.10385 0.0608051 3.13949
525.601 -143.881 70.5601 3.10384 0.0606331 3.13934
525.566 -143.85 70.4691 3.10384 0.060493 3.13923
525.524 -143.806 70.3563 3.10383 0.0603196 3.13908
525.489 -143.777 70.269 3.10383 0.0601826 3.13898
525.454 -143.747 70.1737 3.10382 0.0600369 3.13887
525.401 -143.703 70.0369 3.1038 0.0598241 3.13871
525.365 -143.674 69.9521 3.1038 0.0596887 3.13861
525.312 -143.631 69.8209 3.10379 0.0594805 3.13845
525.279 -143.605 69.7392 3.10378 0.0593511 3.13836
525.243 -143.577 69.6551 3.10378 0.0592152 3.13826
525.206 -143.547 69.5664 3.10377 0.0590726 3.13816
525.169 -143.517 69.4737 3.10377 0.0589262 3.13805
525.133 -143.489 69.3888 3.10376 0.0587903 3.13795
525.085 -143.451 69.2714 3.10375 0.0586031 3.13781
525.049 -143.423 69.1803 3.10374 0.0584609 3.13771
525.015 -143.394 69.0933 3.10373 0.0583248 3.13761
524.98 -143.367 69.0118 3.10373 0.0581934 3.13751
524.939 -143.334 68.9121 3.10372 0.0580334 3.13739
524.891 -143.296 68.796 3.10371 0.0578496 3.13726
524.858 -143.269 68.7173 3.10371 0.0577226 3.13717
524.817 -143.236 68.6197 3.10371 0.057565 3.13705
524.79 -143.215 68.5532 3.1037 0.0574595 3.13698
524.763 -143.193 68.4899 3.1037 0.0573574 3.1369
524.721 -143.158 68.3891 3.1037 0.0571952 3.13679
524.685 -143.129 68.3023 3.10369 0.0570561 3.13668
524.657 -143.106 68.2345 3.10369 0.0569481 3.13661
524.63 -143.085 68.1712 3.10368 0.0568462 3.13653
524.589 -143.052 68.0727 3.10368 0.0566885 3.13642
524.56 -143.028 68.0008 3.10367 0.0565737 3.13633
524.522 -142.997 67.9108 3.10367 0.056429 3.13623
524.494 -142.974 67.8447 3.10367 0.0563223 3.13615
524.46 -142.946 67.763 3.10366 0.0561909 3.13605
524.434 -142.926 67.7033 3.10366 0.0560948 3.13598
524.396 -142.895 67.6132 3.10366 0.0559491 3.13588
524.375 -142.877 67.5626 3.10365 0.0558671 3.13582
524.351 -142.858 67.5078 3.10365 0.0557786 3.13576
524.32 -142.833 67.4342 3.10365 0.0556598 3.13567
524.3 -142.816 67.3866 3.10365 0.0555826 3.13561
524.27 -142.791 67.3156 3.10365 0.0554678 3.13553
524.253 -142.777 67.2753 3.10364 0.0554028 3.13548
524.226 -142.755 67.2112 3.10364 0.0552992 3.13541
524.208 -142.74 67.1695 3.10364 0.055232 3.13536
524.177 -142.715 67.0963 3.10364 0.0551138 3.13527
524.162 -142.702 67.0591 3.10364 0.0550538 3.13523
524.135 -142.68 66.9967 3.10363 0.0549527 3.13516
524.12 -142.668 66.9615 3.10363 0.0548958 3.13512
524.096 -142.648 66.9048 3.10363 0.0548039 3.13505
524.081 -142.636 66.8689 3.10363 0.0547463 3.13501
524.06 -142.617 66.8178 3.10363 0.0546637 3.13495
524.048 -142.607 66.7893 3.10363 0.0546176 3.13491
524.028 -142.591 66.7435 3.10363 0.0545435 3.13486
524.016 -142.581 66.7151 3.10363 0.0544972 3.13483
524.006 -142.572 66.691 3.10363 0.054458 3.1348
523.989 -142.557 66.6507 3.10363 0.0543931 3.13475
523.979 -142.549 66.6286 3.10363 0.0543569 3.13473
523.967 -142.537 66.5983 3.10363 0.0543079 3.13469
523.958 -142.53 66.5774 3.10363 0.0542743 3.13467
523.944 -142.517 66.5434 3.10363 0.0542191 3.13463
523.935 -142.509 66.5235 3.10363 0.0541868 3.1346
523.927 -142.501 66.5035 3.10364 0.0541544 3.13458
523.919 -142.494 66.4848 3.10364 0.0541241 3.13456
523.908 -142.483 66.458 3.10364 0.0540805 3.13453
523.902 -142.477 66.4425 3.10364 0.0540554 3.13451
523.892 -142.467 66.4187 3.10364 0.0540171 3.13448
523.883 -142.459 66.3981 3.10364 0.0539837 3.13446
523.877 -142.453 66.3821 3.10364 0.053958 3.13444
523.871 -142.448 66.3683 3.10365 0.0539354 3.13442
523.863 -142.44 66.3483 3.10365 0.0539029 3.1344
523.857 -142.435 66.3341 3.10365 0.0538799 3.13438
523.849 -142.427 66.3154 3.10365 0.0538498 3.13436
523.843 -142.422 66.3023 3.10365 0.0538284 3.13434
523.835 -142.415 66.2825 3.10365 0.0537964 3.13432
523.829 -142.409 66.2682 3.10365 0.0537732 3.1343
523.821 -142.402 66.2484 3.10365 0.0537411 3.13428
523.815 -142.396 66.2339 3.10365 0.0537178 3.13426
523.808 -142.391 66.2187 3.10365 0.0536933 3.13425
523.798 -142.381 66.1943 3.10365 0.0536536 3.13422
523.792 -142.376 66.1798 3.10365 0.05363 3.1342
523.784 -142.369 66.1601 3.10366 0.053598 3.13418
523.778 -142.364 66.1465 3.10366 0.0535762 3.13416
523.769 -142.355 66.1249 3.10366 0.0535411 3.13414
523.764 -142.351 66.1131 3.10366 0.053522 3.13412
523.759 -142.346 66.1018 3.10366 0.0535037 3.13411
523.752 -142.339 66.0836 3.10366 0.0534741 3.13409
523.747 -142.335 66.0738 3.10366 0.053458 3.13408
523.744 -142.332 66.0663 3.10366 0.053446 3.13407
523.74 -142.328 66.0554 3.10366 0.0534285 3.13406
523.738 -142.325 66.0498 3.10366 0.0534195 3.13405
523.735 -142.322 66.0434 3.10367 0.0534089 3.13404
523.733 -142.319 66.0372 3.10367 0.0533989 3.13403
523.73 -142.316 66.03 3.10367 0.0533872 3.13403
523.728 -142.314 66.025 3.10367 0.053379 3.13402
523.724 -142.31 66.0162 3.10367 0.0533648 3.13401
523.722 -142.308 66.0099 3.10367 0.0533545 3.134
523.719 -142.305 66.0033 3.10367 0.0533438 3.13399
523.715 -142.301 65.9938 3.10367 0.0533286 3.13398
523.713 -142.299 65.988 3.10367 0.0533192 3.13398
523.709 -142.295 65.9801 3.10368 0.0533064 3.13397
523.708 -142.292 65.9759 3.10368 0.0532996 3.13396
523.707 -142.291 65.9726 3.10368 0.0532943 3.13396
523.704 -142.288 65.9669 3.10368 0.0532848 3.13395
523.703 -142.286 65.9637 3.10368 0.0532798 3.13395
523.702 -142.283 65.9591 3.10369 0.0532723 3.13394
523.701 -142.281 65.9565 3.10369 0.0532679 3.13394
523.699 -142.279 65.9523 3.10369 0.0532614 3.13393
523.698 -142.277 65.9495 3.10369 0.0532569 3.13393
523.697 -142.275 65.9467 3.10369 0.0532523 3.13393
